16050.6
15766.0
16243.4
13191.0
11142.6
15464.6
12667.4
17490.6
16722.8
16734.6
16269.2
17502.0
16859.4
16543.4
16422.2
16525.2
16844.8
16073.6
16268.6
15494.4
16683.2
16081.0
17118.6
16316.2
16642.8
16520.8
16562.8
15982.4
16425.6
16788.8
9922.0
9100.2
8411.0
9975.0
10932.2
9442.2
10885.2
12573.6
11651.0
11853.0
11716.6
10614.8
12337.2
16446.6
15728.2
15505.0
14734.6
14789.0
14688.4
15631.0
13528.2
15333.2
15070.6
12849.4
15973.6
15646.6
15698.2
15280.4
15982.6
13606.8
16926.6
16844.8
16068.0
16913.2
13787.8
9460.6
12301.0
11980.8
12310.6
12613.4
13412.8
14981.0
14966.2
16003.2
16156.0
15339.8
16315.4
13807.8
14211.4
16709.2
16054.8
16000.6
16511.6
14366.4
15518.2
14408.8
16677.2
15629.2
16958.8
16566.6
14552.4
16748.0
16741.0
16520.8
16520.4
16446.2
16831.6
16498.8
16776.4
15755.2
16815.2
16815.8
16749.0
15817.8
16908.4
15807.0
17060.8
16822.8
17077.6
15830.0
16880.8
15213.0
17103.6
17180.4
16426.0
17096.8
15755.4
16307.0
16975.8
16720.4
19865.4
20923.0
18359.4
17350.2
20327.0
20089.6
16932.0
20881.0
20679.2
22693.4
20886.0
20725.4
20719.6
20893.8
20720.0
20712.6
17782.0
19447.4
20547.6
21684.0
22002.2
21206.8
20754.2
20767.0
21869.8
12595.8
12902.2
12452.4
12738.4
13562.0
13785.4
14540.8
14061.2
15724.8
13490.8
15495.8
14168.2
16387.0
15684.0
14304.2
16027.0
15731.2
15932.6
16189.6
16306.2
15420.4
14394.8
15176.6
16871.0
16658.2
16538.2
14986.0
17208.4
14760.8
14751.6
16802.6
16656.8
17343.2
16268.2
17079.8
16887.0
16704.8
16860.6
17522.0
17562.6
16400.8
16401.8
17368.6
18150.2
17012.6
17809.4
17626.6
17865.2
17314.6
16151.4
17513.2
29114.6
28943.8
22739.6
28721.0
25365.2
29751.6
28806.2
28230.4
27133.6
29459.4
21282.2
27218.4
28708.6
29964.4
29174.2
27861.8
29119.2
29256.6
32478.6
23694.6
24443.4
32076.0
21254.6
24301.6
23466.2
25192.2
21138.2
22124.4
21731.8
21645.4
23504.4
23744.8
22487.0
21821.8
22195.2
22737.6
24280.8
23925.6
24601.4
23728.2
24955.4
24446.2
25212.8
24901.6
24178.8
25776.0
24363.0
24329.0
25031.6
25083.2
24872.2
24463.0
24822.6
24796.4
25794.4
28246.0
26082.4
25105.4
26391.2
24668.6
28788.4
28023.4
23175.0
28145.6
24301.2
25667.6
27978.6
24789.6
25954.4
25296.4
30945.0
25716.6
23122.6
26523.6
19984.0
21590.6
23731.0
24491.0
23286.2
25709.6
24220.2
25372.4
25341.2
26312.6
24359.4
25355.4
25310.6
26746.8
26170.8
27387.2
27406.8
28053.2
27225.4
24151.4
26292.2
25772.0
27706.4
26900.2
28761.4
27209.6
26523.2
25876.2
27617.4
31284.4
30890.6
31083.0
31120.4
30937.4
22746.6
26395.4
13443.6
5813.8
12763.2
13493.0
13803.2
12348.6
9227.8
12186.0
13140.8
12933.2
13840.0
13837.2
9459.8
13503.0
12752.8
11513.4
13837.6
10614.6
13443.0
12863.8
11867.4
8736.0
8432.4
12608.4
10683.6
9868.6
7071.8
10371.4
9054.2
7568.0
8956.2
6701.2
7016.6
8528.8
9545.6
6353.4
13422.0
11299.2
7412.0
9145.2
9133.4
11023.6
10923.4
11278.4
9749.0
5981.2
7908.6
10172.2
11005.6
12066.8
3964.6
4308.4
4806.8
6638.6
6766.0
5094.0
5514.2
5313.2
6964.4
5203.8
7342.8
9181.6
12020.2
13148.2
7261.4
11642.4
6023.4
5747.4
8695.8
10258.8
13329.0
11097.4
7963.0
11642.4
9653.8
11598.8
11585.8
5971.8
6655.4
9302.6
13714.0
7409.8
11414.2
11871.2
10259.2
11004.6
7830.4
7926.6
13455.8
10562.6
11722.0
10071.4
10599.6
9645.4
9955.4
13624.8
13450.4
13411.4
13161.2
13581.4
10077.6
6488.2
