8558.6
8883.4
11121.8
8950.6
9202.6
9834.0
10649.8
9288.6
9739.0
8754.2
13142.4
8494.6
7767.2
8791.6
8420.0
10479.6
7618.2
8773.8
11726.0
9473.8
12677.6
9010.8
11614.6
9432.6
9088.6
8299.0
11022.2
10096.2
13951.8
9383.6
8687.8
8442.2
11468.6
8824.6
8901.8
11624.0
7209.2
8995.2
7366.8
11591.6
8505.6
8981.8
12784.0
7698.8
8951.8
9674.8
8201.6
8959.2
9739.6
8372.4
11583.6
8976.8
8640.2
11039.4
9680.2
8531.6
9375.4
9229.4
8049.6
8961.2
8039.2
8708.6
11497.6
11468.6
8044.2
11466.4
9674.8
8442.0
9341.8
9074.4
9375.4
8443.6
9475.4
9395.2
7107.6
9422.4
9899.6
9105.0
8584.6
9009.2
7327.8
11227.2
13734.6
9737.0
8007.8
9908.8
9022.8
9154.6
8320.8
9149.6
8786.8
12676.2
8428.0
9394.2
8859.6
6860.6
10459.0
10463.8
9525.0
11427.0
9077.2
9386.0
8259.6
11218.8
9454.6
8891.2
9848.8
11738.8
11479.0
9285.8
11731.8
11644.0
9047.6
6378.6
10042.4
7976.4
8103.6
8187.8
8919.6
9324.6
16766.8
13829.4
18063.4
15119.0
17185.0
17744.4
13619.0
13626.4
13626.0
13631.8
13792.4
14116.6
15024.8
14507.4
16766.8
15721.2
16167.4
15353.4
16107.2
17123.0
18056.8
18170.6
17968.8
18937.0
19891.8
21084.2
13880.4
13893.2
13987.8
13710.8
13275.0
14718.4
15127.8
15144.4
14209.8
15175.4
15393.4
15757.0
16380.4
16232.8
17162.4
16916.2
17426.0
16648.2
17736.6
17314.2
18614.8
17354.0
15615.8
15557.0
15767.0
15446.2
11208.2
12313.0
12339.2
12337.8
12337.8
12336.4
12359.0
12357.6
12358.4
12358.4
12159.0
13195.8
12469.2
13276.6
13061.4
13999.4
13653.0
13379.8
13624.8
13624.8
13269.8
13889.2
13796.0
13712.4
13451.6
13643.0
13654.0
13913.0
13343.2
13552.4
13578.8
13655.8
13577.6
13401.4
21445.2
21320.0
19692.0
20639.2
24375.2
21354.2
21742.2
23141.0
23838.4
21008.8
20189.4
21115.0
20508.6
23971.4
24272.6
22347.4
25078.6
23534.8
24353.8
20908.4
21734.0
23748.2
19639.6
27504.4
25559.4
21290.8
23395.0
25151.4
21741.6
22352.6
23971.4
21942.8
20268.6
21941.2
19886.2
22777.8
29091.0
21466.2
22532.8
21143.6
22933.4
22645.6
23517.2
21897.0
20289.0
24375.2
22021.0
24017.2
18392.0
18932.0
19155.6
19953.4
20489.2
20933.0
20611.8
21045.2
20498.4
19952.4
21287.4
20304.4
25400.8
22433.2
24053.4
25491.2
18861.0
23117.4
22243.6
24427.0
23894.4
23533.2
25446.4
24922.6
25138.8
24147.0
23450.8
24526.8
27557.4
22617.2
24144.6
25054.6
24253.6
20138.8
20489.4
19726.8
20963.2
20287.2
20662.8
21340.4
21980.2
21826.4
22547.2
22607.0
23413.2
22678.2
23259.4
23130.4
25587.8
24160.2
24165.4
24734.6
22458.0
25682.6
23832.6
24693.8
24656.0
22183.0
24793.8
24499.0
23924.6
24987.6
23926.8
25000.6
24838.6
25443.4
25093.4
22779.6
25396.2
25415.8
25882.8
25914.0
6200.8
6962.4
8675.8
8821.6
6090.4
8453.8
4159.4
6874.8
6350.2
7216.6
7402.0
7382.4
7552.2
7190.0
2619.8
7993.0
5494.4
4958.0
4765.0
5988.0
5526.6
4799.0
4842.2
8841.6
7585.6
3261.4
6289.8
5383.2
3963.0
6612.0
9320.4
8538.6
9510.6
8281.6
5167.2
7171.0
9150.2
9526.0
5946.4
3576.6
6464.8
6098.4
9068.8
7533.4
6153.6
6674.0
8702.2
5093.0
3444.2
10770.0
8635.6
8454.2
8990.4
5292.4
4963.8
8742.0
6399.6
6976.2
7738.2
4854.2
6406.4
7970.6
9890.6
11564.4
10377.4
9651.4
10434.4
7072.8
8601.4
6436.6
7824.8
6233.2
5633.0
8531.8
5537.8
5975.8
5641.0
6184.2
6556.2
8984.0
9937.8
9001.4
9323.0
9651.4
5688.8
6467.4
7333.6
5114.8
9754.6
8446.2
7305.6
6734.4
8401.4
10399.2
8866.4
8811.4
4329.8
4961.6
5429.2
5627.6
6136.2
5059.2
5977.6
6427.6
6791.4
6760.2
7314.0
7263.8
6676.0
7412.2
7597.2
8875.0
9051.2
8749.4
7948.8
8891.2
8145.8
9210.0
8784.4
8720.4
