10616.2
10306.8
8870.8
10786.2
10346.0
10620.8
11574.8
10935.4
7486.0
9817.4
10959.4
10485.6
11669.6
10606.8
10625.2
11821.6
11382.6
10173.6
7989.2
7184.6
9768.0
7222.6
10352.8
10624.4
10336.4
11228.6
10551.2
10467.4
11438.2
9943.2
10662.8
8564.8
10510.0
10404.0
8362.8
10489.0
7025.4
10565.8
12754.6
8859.6
10679.4
12903.0
10897.4
9830.2
10599.2
11109.4
12440.0
10617.8
9812.4
8619.8
10779.4
12508.0
10814.0
8802.6
11022.2
10288.6
10280.6
10165.4
8305.2
11299.6
11089.8
10919.2
8646.6
8564.8
11286.6
8244.4
9830.2
10659.8
7005.4
10183.2
10280.6
10516.0
10158.6
10501.2
10218.4
8976.2
10276.6
10566.0
11136.8
10373.4
11443.2
8580.0
10737.6
9076.2
10884.6
9422.0
8934.6
11789.2
11420.6
8468.0
10463.2
10805.8
10746.8
8461.0
10641.0
10356.4
11496.0
12100.6
10661.0
8286.6
10312.2
10667.4
8491.8
10351.8
10176.2
9150.8
11123.6
10781.8
11416.8
10176.2
10613.8
9240.2
10581.2
10027.6
8664.8
10698.2
6895.8
6888.4
8226.6
8397.2
17108.6
13172.6
16844.6
15457.2
17467.2
12351.6
12210.2
14637.8
14524.4
15569.4
14355.0
14901.6
16063.0
17108.6
15519.4
22215.0
16641.2
16634.2
16647.0
16641.6
16807.6
16873.4
19574.6
21338.2
16341.2
13217.0
14419.2
14691.8
15324.8
15830.2
15114.0
15816.8
16254.8
17618.6
16354.0
16133.4
17338.6
18149.6
17445.4
18365.8
19527.0
18619.6
14877.6
19380.8
19256.0
15042.2
14702.8
15883.8
12295.6
12289.8
12419.2
12726.8
13688.4
13509.0
12588.6
13865.0
14407.4
13642.6
13943.4
14496.2
12732.8
13467.4
13679.2
13090.0
14622.2
13085.6
14358.6
14925.0
13529.2
12374.6
13531.2
13709.8
13753.6
13588.0
13574.0
14292.0
14890.4
13227.8
15407.2
13016.4
12920.0
14673.8
13116.4
13270.0
23198.8
23043.8
23689.8
25761.0
24717.0
23559.4
22293.8
22067.4
21630.2
23182.6
23434.0
24957.0
24940.8
22447.0
22618.4
20456.6
20894.2
21926.6
23150.0
25242.8
22020.0
19392.8
20349.2
25199.8
24160.2
24524.4
22215.4
25184.6
25347.4
21985.4
21635.6
24235.8
22379.2
22618.0
21458.8
23126.8
21725.0
21099.0
20471.0
24663.0
24838.2
24717.0
19910.2
19942.2
21888.0
23553.2
19744.6
18604.6
20664.8
21350.8
21318.0
20140.6
20646.4
19970.2
19918.6
21688.6
20040.0
20091.8
21291.0
21649.0
20798.6
22511.6
21792.6
19213.6
21457.0
19168.8
22850.0
23240.0
23656.2
24917.2
24351.0
23417.6
22266.0
23753.4
22795.6
22614.8
21581.6
20823.0
22842.4
23189.4
22988.0
23025.4
20755.4
20007.4
20038.6
21840.6
22205.8
23045.8
22093.4
23257.6
23438.0
23314.4
23913.8
22762.4
22027.8
22953.2
22398.6
23104.0
23411.8
23949.8
23865.8
23891.2
24852.6
23453.8
23914.6
25128.8
23675.6
24596.0
24726.0
24985.0
26162.0
25054.8
26156.8
27290.2
25225.8
24239.2
24759.8
25302.4
26040.2
26914.0
7527.8
7887.4
6231.8
5669.4
4939.6
7204.2
9704.8
6850.6
6953.4
7387.2
5718.4
6052.6
9379.0
9113.6
6660.2
7485.4
9220.0
7612.8
8200.8
9446.4
9983.4
7495.8
8321.8
9415.2
6948.0
9578.4
6803.2
8829.0
4362.4
6117.2
11112.4
10109.6
8233.6
7104.0
5163.0
5509.0
7632.2
6574.4
7500.2
6997.0
4043.8
9890.0
4784.8
8588.6
9257.2
8934.6
5815.8
4458.8
6094.4
3686.2
6657.0
5469.8
5661.8
4059.4
6923.4
8297.0
5204.4
3832.8
7139.8
8074.8
6722.8
10034.2
4835.2
5753.6
6062.0
3831.8
11278.0
5505.4
7294.8
7530.2
8657.2
9301.8
9488.8
9583.6
8550.6
9490.4
9283.4
9602.2
9710.4
11027.8
6289.8
7746.4
8529.8
9588.6
6427.8
7301.0
11278.0
7053.8
3983.0
5632.2
5591.6
7328.8
7220.4
7678.2
7390.4
7261.2
7362.8
7554.6
8120.8
8873.6
8549.4
8490.0
8745.4
9490.8
11083.2
8778.8
9399.8
10130.2
9439.6
9422.6
10643.2
11929.6
9825.0
11752.8
9676.6
10010.0
10741.4
8624.6
10948.6
11774.2
