8736.4
9456.4
10964.4
9787.2
8326.8
8365.4
11393.6
10360.2
9269.0
12284.0
9327.2
9313.2
8623.6
9607.8
8993.0
11281.6
8719.0
9448.4
11208.4
9203.2
11819.2
9812.8
13093.4
10049.8
10160.2
8704.0
10898.2
12390.6
9788.6
9024.4
11311.2
9260.8
8284.2
11106.4
9638.6
9948.8
8454.8
9995.4
11925.6
11434.2
9324.2
9779.0
7855.6
8794.2
9265.4
8721.2
8889.4
8777.4
10144.6
10896.2
8921.8
9458.8
10882.0
10482.2
8772.2
9041.2
9861.2
9792.0
11173.6
10751.2
8072.8
9113.6
11340.2
11311.2
9080.2
11707.6
9265.4
7894.2
8501.4
12876.2
9288.4
9041.2
8848.6
9657.0
8427.8
9350.2
8174.4
9742.2
11069.8
11041.8
7380.4
7720.0
8961.0
8759.0
8357.6
9854.2
8374.6
8967.8
10909.4
9206.8
7927.6
8691.0
10493.0
8646.4
10306.4
9335.6
10338.4
9196.2
9453.4
10360.4
8670.0
11221.2
9018.6
9331.0
11214.2
8019.8
9120.4
10961.4
11486.6
8643.6
8746.4
12166.2
9230.8
9331.6
9211.0
9315.0
11280.2
10470.0
10436.4
8125.2
15935.4
16422.2
18190.0
14287.6
19416.2
17907.2
13667.0
14889.8
15935.4
15481.2
16211.8
16218.8
16219.2
16224.6
17453.4
16385.2
16709.4
17121.2
18567.2
17312.2
17110.4
18249.6
19204.4
17492.8
20196.2
20225.8
15595.8
13403.2
13419.8
14072.2
15636.2
15608.6
15357.0
15053.4
16030.6
15698.4
15516.0
16237.0
16127.2
17122.4
15850.2
17921.4
16857.8
16666.6
18380.0
18606.6
19883.0
19453.6
15557.2
15608.6
15743.8
17410.2
13306.6
12609.8
12782.4
12789.8
13299.0
13236.8
12826.2
12803.6
13715.8
13136.2
13136.2
12822.6
13448.4
13002.8
13516.4
14556.0
14763.0
13665.6
13695.4
13624.6
13643.2
14710.4
15507.0
14227.8
14071.8
14543.4
14776.6
15348.2
14991.2
14448.0
14449.4
14449.4
14405.2
14405.2
22261.4
21725.0
20672.8
22955.2
23543.8
21927.2
22147.2
22983.8
23916.6
21827.4
20868.4
21520.0
23101.4
21329.6
25641.0
25413.4
25415.6
24046.6
24488.6
20109.2
21610.2
25192.4
22378.8
24293.0
25894.2
28238.0
19823.2
23462.8
28403.6
18260.8
24492.0
23113.0
22740.0
21182.4
22535.6
21860.2
23777.2
21681.4
21290.0
22878.8
24672.2
22571.6
23922.2
22801.4
22717.6
23902.0
23543.8
24908.4
20296.4
23381.6
18007.8
19839.4
20541.4
20269.2
20229.8
20338.0
21286.2
20667.2
21316.4
21418.6
24713.4
21963.2
23583.4
24803.8
21392.8
22382.2
22138.4
24759.0
26566.4
26033.8
25672.6
26870.0
26291.0
24819.2
24056.8
24061.4
25770.0
27278.2
25500.0
25396.0
20966.2
21049.0
22244.8
21844.2
22155.4
22227.6
24105.6
24110.8
22678.6
23333.6
25575.0
22691.2
23454.6
23704.0
23706.4
23898.8
24311.2
23623.4
23725.2
23675.2
24164.0
24321.4
24686.6
24261.4
24933.2
27032.0
26071.6
26284.4
25867.4
25878.2
25909.4
26833.2
26795.4
27998.0
26815.6
24597.4
26066.2
26484.2
24322.4
26626.2
7002.8
7706.2
8205.8
8664.2
6663.4
8788.6
6899.0
6717.4
6982.0
5766.6
7807.0
7327.8
6708.8
6602.2
7903.4
6717.4
6313.0
5108.0
5000.4
7698.0
5850.8
7227.6
4432.2
7115.6
10210.0
6772.6
6921.6
6297.6
6205.6
13160.0
6238.4
8873.4
7925.0
6252.8
7968.2
9033.6
8375.0
5801.6
10894.4
4795.2
9821.8
8901.8
10196.6
7279.6
8293.0
9790.2
4933.0
8970.4
6805.6
7265.8
8521.6
7346.6
7885.2
7103.2
6804.6
7807.8
7953.4
6318.4
7282.8
5227.8
6158.0
9203.2
8128.0
10706.0
10039.0
10879.8
9212.2
11790.8
8444.0
8479.8
7772.4
9269.0
5942.8
6046.0
6981.4
8412.4
8115.2
8372.6
10671.2
11123.4
8695.6
10445.6
5872.8
5866.6
7176.2
4605.6
11790.8
8276.8
7583.6
9914.0
10643.4
11144.2
6406.2
6102.2
5874.4
7431.0
6200.6
5856.4
6314.2
6709.2
6743.2
6758.4
8684.8
7814.6
8159.4
8322.2
8627.0
8295.4
8708.0
8921.8
9403.2
9551.6
9041.2
9736.6
10855.4
9853.8
11030.6
10285.2
10164.6
11051.8
