13204.6
12895.2
11734.2
13374.6
14254.0
14142.4
13386.4
11592.8
14528.8
13725.4
13511.2
13074.0
13195.2
13748.8
13177.0
14153.8
13599.8
12725.4
12096.0
11291.4
12328.0
11012.0
13310.8
12920.4
13141.8
12968.0
8588.4
13172.6
13139.6
13770.4
12656.8
13214.6
12671.6
13098.4
13807.0
12469.6
13077.4
11321.2
13979.0
13977.6
12218.2
13633.2
13267.8
13485.8
13469.6
13697.8
13591.4
12380.0
13206.2
12615.6
13623.8
13402.4
14793.2
11666.0
13354.4
12877.0
12897.8
13482.0
12412.0
12875.6
13678.2
13565.0
12753.4
12671.6
12792.0
11803.8
13469.6
13784.8
9491.4
13188.8
12962.8
11839.6
13482.0
13089.6
14091.2
13396.8
12961.8
12575.8
11864.8
13222.2
13581.6
12588.8
12506.4
13530.4
14126.4
12837.8
12051.2
12574.8
13002.2
13333.6
12567.8
12930.4
12393.4
13309.4
13394.2
13070.0
13712.0
13306.6
7948.8
14432.4
7857.4
11546.2
10998.2
11059.2
10430.2
11739.0
10767.8
10459.6
10863.2
13386.8
11840.2
11018.2
11060.6
11738.4
12445.0
10793.0
11204.2
11684.2
13990.6
13178.2
21016.6
17574.8
15206.4
15011.2
19365.2
15999.4
17641.2
17250.4
16707.8
17537.8
17377.2
17371.4
17371.8
17364.4
17603.6
16506.0
18520.2
21016.6
19971.0
19427.4
18633.6
19565.2
18834.6
17406.0
14433.8
15771.4
17549.2
17364.4
17997.4
17418.8
18418.8
17033.6
19372.0
17913.8
18415.0
19724.8
20162.8
18927.4
21526.6
17550.2
20369.4
17714.8
15683.0
17375.4
11716.6
11820.0
11924.6
11768.0
11861.0
12698.6
12449.8
12671.2
12784.8
12478.6
12760.0
12871.2
12861.0
12796.4
12924.4
13157.4
12978.4
13037.0
13538.8
14293.4
13123.0
14023.2
13875.2
13117.4
13844.4
13843.6
13842.0
13249.6
13777.8
14361.8
14456.2
13458.0
14990.4
14213.6
13875.2
13781.2
14835.2
14810.0
14606.4
25766.4
25595.6
26278.2
26513.6
26111.2
28625.0
24882.2
25309.0
24099.6
25771.0
26022.4
25671.0
20568.0
26526.4
24633.0
23043.4
25001.0
27283.8
25994.0
23247.4
27048.8
23056.8
23688.6
24450.0
26267.0
25975.6
24748.6
28305.4
24107.8
27639.0
28027.6
23386.2
25981.2
24806.2
23726.0
24429.0
26250.2
23847.0
23414.2
21890.4
23909.0
25393.2
25715.2
23157.8
25746.2
23356.6
18636.6
18942.6
19805.8
20583.2
20243.0
21360.6
21055.2
20641.4
21481.2
20815.4
23855.8
21250.8
21560.4
21355.8
24615.2
26419.6
23850.2
25788.4
25704.0
21108.0
23805.4
23213.8
26196.2
24303.2
26771.8
27148.0
21504.8
21874.4
26261.8
28259.0
21834.0
20982.2
20951.0
20573.2
21366.4
20519.6
22018.6
22352.6
22211.6
22982.4
23394.2
22944.0
22423.8
23192.0
23085.6
24589.8
24609.4
23175.0
23418.6
23861.4
24445.0
25245.0
24312.8
24468.0
22977.8
24269.2
24829.0
26026.4
25527.4
23561.0
26717.4
27111.2
26764.2
26909.8
26947.2
25836.4
24490.8
25856.6
27381.6
27253.4
27041.6
27310.2
27149.4
27909.6
10095.4
10455.0
7917.4
9228.8
8499.0
9792.6
10227.6
10929.2
10103.6
9585.0
8481.6
11295.2
9960.6
9523.6
10073.8
9404.6
10164.6
10969.4
10555.6
6078.4
11029.2
9515.6
12047.0
10802.8
10108.0
8407.2
10442.6
13021.6
12239.6
9186.6
10460.0
12221.6
4555.8
9269.8
12665.2
13287.0
6854.4
6806.8
8422.2
11540.2
8088.6
10181.2
8344.2
10570.2
9027.2
6024.6
8503.6
8767.0
8315.8
7660.8
5706.0
9153.6
7933.2
9208.8
6540.4
6457.6
8663.2
6023.8
6197.4
7242.6
7486.0
10243.4
8121.4
9570.2
8526.8
7847.0
8729.8
8629.6
9064.8
9280.8
6910.6
9452.6
7749.2
7054.0
9605.0
9883.2
7654.4
9262.8
10118.6
8729.8
12653.0
9397.6
10334.8
11949.4
12437.8
7882.0
8523.0
6071.4
6891.4
6911.0
7656.4
7357.6
9191.6
8397.8
7354.0
10102.2
10063.2
10161.6
9813.0
10141.4
10943.2
10158.6
10343.6
10698.8
10010.2
8023.6
9408.2
8962.2
11216.2
12869.4
8778.0
11752.4
12398.0
12116.6
12153.6
13307.8
12855.0
8916.0
