6235.6
7062.8
8718.8
7393.6
6423.4
7364.2
9000.0
7966.6
10523.6
7023.4
6933.6
6919.6
6973.8
7214.2
6599.4
8888.0
6692.8
7055.8
9323.0
10058.8
7066.2
11333.0
7419.2
7656.2
7766.6
6297.6
9791.2
8504.6
7329.2
6556.4
9065.6
6867.2
6045.4
9221.0
7245.0
8325.8
10165.2
6216.0
8372.4
9188.6
6930.6
9546.0
14734.8
8184.0
6236.2
7128.4
6419.6
6331.4
7688.4
6295.2
9135.8
6363.8
7065.2
8636.4
8088.6
6304.2
6747.6
7467.6
10120.4
9114.8
6089.2
6491.8
9094.6
9065.6
7184.2
9377.6
7128.4
6024.8
11115.8
6693.6
6730.4
6747.6
6218.0
7001.4
6728.8
7727.2
8824.2
6952.6
7496.6
10239.8
6626.4
6568.4
8064.0
7093.4
7267.2
8846.2
6724.8
9024.0
6409.8
6648.8
6315.4
7984.8
8280.6
8060.8
6178.4
7985.0
6777.6
8600.0
6578.2
7830.4
9335.8
9328.8
6745.8
6460.6
6773.0
6389.8
9076.0
9241.0
6826.8
9920.6
6085.6
7233.2
6672.8
6808.8
7450.6
8629.8
9801.2
8758.2
7878.4
6420.0
14203.4
14799.2
15944.4
12555.6
16816.8
16816.8
12029.8
14203.4
13157.8
13720.8
14521.8
14588.8
14595.8
14596.2
14601.6
14762.2
15086.4
15551.8
15350.0
17167.4
16489.2
17444.0
18465.4
19023.6
16267.0
17476.8
13586.4
12701.4
12529.0
12560.2
13140.4
13599.2
13517.2
14523.0
14956.2
14386.2
14954.6
15899.2
14677.6
14811.8
15780.6
14906.2
15381.8
15632.0
16294.0
18281.0
17516.2
18650.2
12999.2
13050.6
14686.0
13185.8
11759.8
11830.4
12000.8
12198.4
12146.0
12045.6
12638.4
12525.6
12508.0
12294.6
12658.0
13027.4
13053.2
13042.2
13471.4
12425.6
12136.4
12136.4
12574.2
13019.2
12991.8
13140.2
13675.0
12897.0
12889.6
13591.6
13628.8
13628.8
13954.0
13837.2
13423.4
13423.4
13423.4
13423.4
19867.8
19206.6
18689.2
21332.2
21811.8
19533.6
19691.0
20667.0
21358.6
19433.8
21196.8
18940.2
21478.4
23041.6
19696.8
22989.8
21950.8
21889.2
20706.2
19121.0
23470.6
22532.6
20755.8
25878.4
20437.4
20904.8
26643.2
24102.0
20692.8
21352.6
22594.2
19783.8
25746.0
20079.4
20505.8
21321.0
21190.2
23266.2
23071.6
18822.0
21870.8
21528.0
21428.4
23148.0
22141.6
21869.8
22431.6
24084.0
21811.8
20125.8
21136.0
22438.6
18898.0
19371.8
18664.8
18859.6
19179.8
18876.8
19127.4
19314.8
22953.0
19717.6
21337.8
23043.4
25567.4
20542.2
20670.8
21291.8
22998.6
25109.6
23691.6
25340.6
24808.0
24446.8
25328.0
22219.8
21811.2
22971.0
23243.0
24657.0
22796.6
25055.2
18748.2
20258.2
20761.6
20505.0
21299.4
21125.8
21429.6
21540.2
21294.6
21564.6
21906.2
21209.0
22687.6
21277.2
21869.4
23086.0
22360.6
22417.4
23097.6
23102.8
23016.8
24484.6
22243.2
23472.2
23268.0
22015.8
24117.8
24149.0
23138.8
24865.8
24514.6
23884.8
24409.6
25102.0
23950.0
25285.0
25247.6
25449.0
4609.2
5312.6
5960.2
6418.6
4269.8
6365.0
5276.0
4471.8
4588.4
4746.8
5436.4
6319.8
5739.8
4841.8
5519.0
3919.4
5275.6
4524.2
5328.8
5485.6
3382.8
6941.6
4760.6
7610.6
4870.0
5149.6
4528.0
6626.0
4582.6
4101.4
6449.8
5878.6
4055.6
7735.2
6747.2
8295.0
8089.0
5719.2
7398.0
3681.2
6302.4
8054.4
4823.4
7120.4
6546.8
5261.4
5765.2
6276.0
6415.2
8699.8
6262.2
6272.2
5930.0
4348.4
5249.8
6185.0
7061.4
8737.0
5459.6
5730.4
4003.4
8945.6
7442.8
5570.0
9600.0
8278.6
10618.2
7986.4
9789.4
6198.4
6784.0
6599.8
8865.4
3455.2
3282.2
6942.6
7674.2
6748.4
9073.2
7146.8
7469.8
8178.6
3365.8
4930.6
5168.6
10618.2
9168.2
4934.0
9355.2
5677.4
5127.4
7314.6
3730.8
3481.8
3807.0
4151.2
4315.6
4286.2
6275.4
6381.4
5430.8
6740.2
6340.6
6184.8
6472.4
7012.2
7980.6
7496.2
7627.2
7280.8
8980.4
8235.0
8058.4
7910.0
9095.0
8243.4
8217.6
9780.0
7205.0
9788.6
