9313.2
9003.8
6176.6
9483.2
9043.2
9350.2
10271.8
9632.4
8853.8
8546.8
9656.4
9182.6
9920.4
9303.8
9322.2
10518.6
10079.6
8870.6
7625.6
8389.0
8497.4
9925.8
9049.8
9033.4
12559.2
9925.6
9248.2
9365.0
10135.2
8640.2
9359.8
6929.6
9207.0
9101.2
7676.4
9186.0
11296.4
9117.0
9263.0
11279.0
6660.6
9376.4
11237.4
8884.6
11074.6
8559.6
9806.4
8826.0
9314.8
8509.4
7603.8
9040.0
9511.0
6108.4
9719.2
8985.6
8498.2
8862.4
6978.8
10029.0
9424.8
9292.2
6917.8
6929.6
9983.6
7098.4
8559.6
8910.6
9372.4
8880.4
9213.0
8498.2
9198.2
8423.8
8915.6
6282.0
8537.6
10797.6
9295.4
11618.4
9890.2
9070.4
10130.6
10040.0
9275.6
7477.2
9671.4
8998.2
9188.6
7280.0
9443.8
9358.0
9502.8
10540.0
7140.6
10051.4
8725.0
8059.6
9053.4
7791.2
7784.2
9049.0
10891.4
8675.4
8539.0
7093.4
9374.4
6698.8
8403.0
10448.2
9167.2
8905.6
8879.0
9278.2
8724.8
8071.6
11324.6
7500.2
9385.6
6126.6
15805.8
15220.6
13580.8
14154.4
16390.6
18510.6
12923.4
13277.6
15805.8
14503.6
14760.2
14301.8
14216.6
16145.2
17100.0
15017.2
15010.2
15023.0
15017.6
15183.6
16989.8
15249.4
18729.2
20035.2
23198.4
18193.0
15038.2
12328.8
13165.0
14464.8
13490.0
14562.2
15509.4
14546.2
14984.2
15051.0
16253.2
15354.4
16820.2
16525.6
16741.8
16080.0
17756.8
17254.2
18681.6
17985.4
12717.8
12850.2
12824.8
14259.8
12430.6
12457.8
12920.6
12328.6
13512.2
13518.6
12839.0
12590.2
13010.6
12814.8
13360.8
13194.2
13698.8
13792.0
12709.6
13024.0
13238.8
14105.2
14369.0
13272.6
13754.4
13991.6
13755.2
13645.4
13882.4
13659.4
14366.0
13507.8
13507.8
13745.0
14873.0
14726.8
15210.8
13782.6
13936.0
13648.8
21895.8
21740.8
22024.8
24302.8
23414.2
22256.4
20990.8
19930.4
19348.6
21879.6
23591.6
21850.6
23316.8
22546.4
21347.8
20804.2
19814.8
20302.6
23493.6
21410.6
21484.4
21285.0
23726.4
23628.8
26095.0
23159.0
23954.8
19221.2
24200.0
21145.4
24270.4
22869.8
21076.2
21099.8
23039.0
21823.8
23214.2
22804.0
22884.0
24285.6
19196.0
23659.8
21797.6
23564.6
23221.8
23414.2
22187.8
22162.4
22613.4
22659.4
23563.6
18848.6
18954.8
19636.2
19185.8
19483.2
19341.2
19600.6
20653.0
20283.6
22609.0
21241.0
22861.2
21656.8
23391.8
21612.0
21969.4
23614.2
24784.8
22985.6
23265.4
24901.8
21793.6
23334.6
28106.0
22816.8
24730.4
22313.8
18887.4
20324.0
20902.8
22135.0
20469.4
22732.4
21138.4
21329.2
22108.8
22575.6
22606.8
22646.8
22588.2
21480.0
23731.2
22127.2
23884.0
23940.8
22498.0
23539.2
24540.2
23228.6
24777.2
25124.2
24960.2
24922.8
23689.4
23458.6
24796.6
24791.4
22968.6
24088.4
23523.8
26178.4
24737.2
24662.4
23937.0
24849.2
26068.6
26088.2
24830.2
24437.2
6224.8
6584.4
7483.6
3876.4
4179.4
5901.2
8246.6
4877.2
5650.4
6116.6
4415.4
8013.6
7748.2
4613.2
4144.6
6182.4
8143.4
7470.8
8712.8
6897.8
6309.8
9809.4
8144.6
7184.4
6130.4
8120.2
5645.0
7526.0
8744.2
5532.6
4264.2
3775.4
6930.6
7320.2
4205.0
9426.6
8587.0
5212.6
10956.8
6329.4
7915.8
5876.2
5694.0
4361.2
8482.8
7891.8
8988.2
3912.4
7842.4
7569.2
6673.0
8900.6
5354.0
6551.6
3999.4
3979.2
4166.8
5621.0
6309.0
5869.2
5384.2
9173.8
7470.0
7098.8
3780.4
6103.0
10417.8
3656.2
6926.6
7866.4
8439.2
5991.8
6227.2
8971.2
8647.0
7659.4
8439.8
12033.2
8742.0
10792.0
4171.2
6443.4
7164.4
10417.8
8394.2
10440.4
10117.4
4803.8
5998.0
5619.0
3839.2
5759.6
5472.4
6087.4
5441.6
5958.2
6059.8
6251.6
7246.4
6936.8
8037.2
8751.0
9019.6
7124.6
7154.8
8554.2
7808.8
8034.4
9717.8
8057.2
9340.2
10226.0
8201.0
8052.6
8386.0
8579.4
8896.4
12883.4
