9513.0
10784.6
9265.4
11170.4
9237.6
9600.0
12229.0
11589.6
10757.0
8453.2
10710.4
10696.4
10173.8
10991.0
10376.2
12475.8
10269.2
10344.6
9546.6
10455.6
8682.4
11117.0
11007.0
10990.6
11543.4
9798.2
12092.4
11476.0
10301.8
9787.4
9612.2
10644.0
9295.6
14518.8
9444.6
10966.8
11549.8
9949.2
9457.4
11596.4
9735.2
10707.4
11487.2
11269.0
9088.2
8744.6
10197.2
9025.6
9984.4
10466.6
8884.6
9225.0
10842.0
9183.0
11676.4
9535.6
8751.6
10787.2
12072.2
9485.2
9678.2
9477.2
9641.2
9612.2
10961.0
10008.6
8744.6
9164.0
10899.8
9074.8
8751.6
9721.6
9398.0
8978.4
9110.0
9370.8
9545.2
8613.4
9345.2
10951.2
10143.6
9860.0
10325.0
10293.4
9470.0
9036.4
10734.4
9924.8
9183.2
9640.0
8607.4
10245.8
10092.2
9786.8
11315.2
8345.8
9279.6
8080.6
9569.4
9559.4
9552.4
9243.4
9433.2
8792.4
9299.6
11054.4
9627.8
9787.6
8656.4
8719.2
9370.8
9155.4
9433.6
9800.0
8906.6
8919.2
7726.8
9008.2
9598.4
7977.8
16000.2
17387.4
16491.0
14348.8
18501.6
17619.8
13693.4
14954.6
16000.2
14411.0
15604.0
15335.8
16566.0
15134.0
16187.8
17177.0
17184.0
17184.4
17189.8
17350.4
17416.2
18249.4
19980.2
20473.6
18291.4
20840.2
16995.4
12694.4
14697.8
15957.2
14358.6
14796.0
14224.4
15234.0
14797.4
15597.2
16207.8
17008.2
16274.4
17448.6
18235.2
17465.4
18178.6
17901.6
18856.0
14464.6
20792.6
19351.2
14867.2
14870.6
16370.8
11091.0
11528.2
11916.2
14382.0
13067.0
13250.0
14227.0
14997.0
13952.2
14364.6
14917.6
14694.8
14546.0
14224.2
15279.2
13963.4
14841.8
14527.8
14604.6
14923.6
15386.0
15386.0
14712.2
14750.2
15579.0
15571.6
14706.4
15622.8
14049.6
14525.8
16280.8
14741.4
15276.4
15828.4
15733.4
23644.6
22302.6
22278.2
24556.2
23608.6
23310.4
22948.0
20991.2
22329.4
23210.6
23786.0
22019.8
24702.4
21597.6
24726.4
23714.4
22358.2
23212.8
23747.0
21595.6
22316.6
24243.6
23979.8
26539.0
26483.4
23353.4
21818.2
24394.4
25914.4
20796.4
25530.0
23123.2
24535.4
23033.4
23120.8
23729.8
23078.4
22243.2
23093.4
23759.0
23416.2
22398.8
25673.4
23924.2
21449.2
23758.0
25381.0
23442.8
23608.6
22382.2
22222.6
25613.4
19747.8
20770.4
19335.0
20764.0
20616.0
21368.0
21081.6
21447.8
22793.2
21147.4
20136.4
22897.2
25351.4
22219.2
22852.4
23180.0
23894.8
24949.8
25376.4
23904.6
20609.8
28378.2
24927.8
24912.2
24895.4
24481.4
19820.8
21466.0
21522.8
22122.2
21121.2
21976.2
22524.4
23234.2
24991.0
24985.8
25548.8
22984.2
23489.6
23883.8
24066.0
22810.6
23762.0
23218.4
24942.2
23496.0
23559.6
25125.2
23249.4
25087.8
25289.2
22124.4
23591.0
25051.2
23901.8
23933.0
21712.4
21934.2
24649.8
25395.4
25037.4
23243.6
24952.8
25086.4
22984.6
25569.6
25212.6
26199.4
8182.0
8541.6
4572.0
6965.2
7089.6
7682.0
8500.0
5392.8
7607.6
10548.8
6035.2
7121.2
8208.0
7760.6
4883.8
5910.8
7696.2
8499.6
7724.2
9050.2
8855.0
6626.2
10123.4
8482.0
4690.6
7602.2
8373.6
9295.4
8938.6
7806.6
5717.6
7174.4
5893.8
7803.0
9001.2
7293.8
8697.4
9979.8
11270.8
8122.8
6523.8
6853.0
7987.2
7651.2
7271.4
8086.2
8989.2
6822.6
6447.8
10344.4
7424.2
8839.8
9154.0
7311.2
6217.0
6909.6
7033.8
9461.8
6119.0
7580.6
5728.8
8729.6
6949.6
6540.8
8062.6
6745.0
10592.4
6551.2
6865.6
6436.2
9093.4
10033.2
8689.6
9826.2
10758.0
10550.2
12528.8
5477.2
6643.2
7358.8
8647.6
7362.2
7955.2
9750.0
9286.4
8529.2
4264.8
7082.0
6013.0
6379.4
6928.0
6722.0
6787.6
7041.2
7432.2
7993.6
7742.8
7721.4
7319.0
9797.6
8228.8
7877.4
8388.8
8251.6
9654.2
9321.6
10665.2
9919.8
9146.2
12528.8
10367.8
10219.4
10552.8
10507.0
6883.2
10188.2
12014.2
10778.6
10690.4
9000.0
