8384.0
8074.6
6638.6
8554.0
9174.0
9481.0
9342.6
8703.2
8668.8
8677.6
8727.2
8253.4
9592.6
8374.6
8393.0
9589.4
9150.4
7941.4
8030.2
8616.8
8628.2
9437.2
8120.6
12070.6
8104.2
8996.4
8319.0
8756.8
9206.0
7711.0
8430.6
7334.2
8277.8
8986.4
8081.0
8256.8
10522.4
9225.2
9157.0
10670.8
7179.4
8447.2
8665.2
11125.0
8690.4
11368.2
8877.2
8770.8
7580.2
8385.6
8008.4
8803.2
8581.8
6570.4
8790.0
8056.4
8629.0
7933.2
7383.4
10159.8
8857.6
8687.0
7379.8
7334.2
9054.4
5815.8
8690.4
8964.2
8883.8
9011.2
8283.8
8629.0
8269.0
8290.0
9046.4
6744.0
8668.4
9868.4
9426.2
8141.2
9567.4
11749.2
9691.8
10261.4
7881.8
9406.4
9386.2
8849.2
8652.4
7410.8
8514.6
8428.8
8573.6
7684.0
8231.0
8190.4
8124.2
8195.8
10182.2
8188.8
9179.8
10027.0
8435.2
8699.8
7498.0
10670.8
7160.8
9330.8
8533.8
10579.0
8549.6
9036.4
8578.6
8349.0
8855.6
8202.4
6884.8
9516.4
5947.4
6642.8
15936.6
14612.4
12908.6
14285.2
15782.4
18641.4
13054.2
12669.4
14611.8
14410.0
15936.6
14891.0
14347.4
16501.2
16537.6
14409.0
14402.0
14414.8
14409.4
14575.4
14641.2
17469.2
18121.0
19106.0
23329.2
17584.8
14109.0
12459.6
12881.8
13092.6
14595.6
14937.6
14121.8
16104.4
14746.2
14677.0
15115.0
16384.0
15917.4
16133.6
16951.0
16210.8
18073.4
17148.6
17385.0
18116.2
12645.4
12810.0
13651.6
12470.6
12428.8
12140.4
12142.6
12441.6
12101.4
13178.6
13049.0
11661.0
12973.2
12987.2
12101.6
12309.6
12459.4
13616.6
12619.2
12094.8
12716.0
13514.8
13350.2
13765.4
13471.8
13160.4
12826.0
12578.6
12578.6
13141.4
12815.8
12474.0
13829.6
14070.6
14382.4
14296.0
12719.6
13006.8
13004.4
13007.8
20966.6
20811.6
21457.6
23528.8
23545.0
21327.2
20061.6
20213.4
19398.0
20950.4
23722.4
21201.8
22708.6
21938.2
21478.6
20315.6
20219.4
19694.4
23275.8
21387.2
21592.6
20796.4
22952.4
22967.6
23466.2
25606.4
23289.8
19983.2
23633.8
24327.0
21276.2
23781.8
22003.6
20147.0
20385.8
22430.8
22606.0
20894.6
23179.4
18866.8
24465.8
23171.2
22150.4
23014.8
23352.6
23695.4
23545.0
22124.8
22142.0
22318.6
22790.2
24416.4
18852.6
19484.6
19310.6
19416.8
18671.4
20217.2
19947.8
19799.0
22519.2
21371.8
22992.0
21754.2
22903.2
21709.4
22100.2
22685.0
24296.2
22657.2
23116.4
24293.6
21185.4
23465.4
27497.8
22208.6
24191.4
24241.8
21705.6
19349.4
19651.8
19973.6
19861.2
21760.6
21791.8
20530.2
21205.8
20721.0
23242.6
20871.8
21519.0
21179.6
21889.8
21717.6
21659.0
22863.2
22620.4
24014.8
24288.6
24635.6
22850.4
24071.6
24434.2
24471.6
23670.0
24671.0
22915.6
23480.2
23820.2
25460.4
23099.4
25480.0
24927.4
24922.2
23808.0
23291.2
26309.2
24498.4
27019.2
25392.6
5295.6
5655.2
7614.4
4338.4
3690.8
4972.0
7472.6
5008.0
4721.2
8997.0
6247.4
3486.2
8144.4
7879.0
4744.0
4428.0
5253.2
7214.2
7156.4
8269.8
5968.6
5380.6
8880.2
7701.6
6576.2
6261.2
4715.8
7346.2
6596.8
8875.0
5663.4
3775.6
4091.0
6001.4
6659.0
4495.0
7657.8
4551.4
6460.2
5268.0
10027.6
8474.2
9557.4
4764.8
7874.6
3872.6
8022.6
3240.2
8059.0
7973.2
6064.8
7700.0
8126.6
4424.8
5736.6
3510.8
3862.2
3237.6
5132.4
5700.8
8565.6
5515.0
6981.4
7474.2
3829.8
5614.4
9809.6
4118.2
6318.4
7831.0
7258.2
5062.6
5298.0
8038.8
9102.0
7051.2
11544.6
8133.8
8570.6
9809.6
4302.0
5514.2
7295.2
8734.0
7875.0
9666.4
9343.4
4195.6
5068.8
4957.8
4301.2
4953.0
5488.2
5158.2
5603.2
5130.6
5029.0
5322.4
6317.2
7312.2
9120.2
7946.0
7200.6
8168.0
6546.6
9150.4
7255.4
8165.2
9848.6
7592.8
8411.0
7444.4
7971.2
8188.0
7777.8
10356.8
9027.2
8433.6
12394.8
