7076.4
6720.8
8276.0
6106.8
8056.8
8997.6
6977.4
6338.0
10195.0
8144.8
7146.6
6270.0
7609.2
5962.8
6812.4
7224.2
7198.8
6638.0
9667.6
10143.0
8187.6
10963.4
5755.4
11145.8
6209.4
6631.2
7011.4
8748.8
6840.8
6870.8
7135.8
8971.6
6308.4
7678.8
9901.8
6073.0
8553.0
7849.4
10751.4
8599.6
13596.8
8705.6
6463.8
11179.4
9766.0
7357.6
8249.8
6833.2
7463.2
5847.6
7078.0
9892.4
7495.6
6598.4
8207.8
6424.8
6748.8
7879.4
6074.6
10161.4
7459.2
7426.8
9017.2
8971.6
7146.6
8229.6
8249.8
7656.6
10410.0
8327.0
7110.0
7879.4
6961.4
7833.4
8362.2
7899.0
8381.4
8586.0
8458.4
8259.8
6833.6
9716.2
7722.4
11361.2
8900.6
7402.8
7541.6
10479.6
9519.2
7451.6
7028.0
6980.6
9637.0
8741.6
7266.0
8360.2
7629.8
6923.4
9251.2
8057.6
10016.6
8379.2
10009.6
7645.8
7904.8
7480.2
9135.4
8769.2
7958.6
7242.0
8866.6
11042.0
7754.0
7148.2
8572.0
8599.0
9264.6
7081.0
5521.2
6141.2
15488.8
13970.8
14805.6
13833.0
15774.4
18450.2
13614.2
15488.8
13479.4
13909.0
13916.0
13916.4
13921.8
13933.8
14443.2
14128.0
14385.0
17136.6
16138.0
15936.2
18113.0
17245.8
16494.2
18200.6
18027.4
19110.2
12962.8
12975.6
13600.6
13480.6
13135.8
14162.4
14193.6
15181.8
14433.6
14904.8
14738.2
15465.6
15859.2
16565.2
16917.6
16321.6
16445.2
15662.8
17505.2
17669.6
18776.0
18877.4
13321.6
13247.0
13643.6
12576.4
12133.4
12483.4
12494.4
12583.2
12981.0
13028.6
13028.6
13028.6
13028.6
12856.2
12950.6
12937.0
12986.6
12942.8
12942.8
12699.8
12964.0
12954.4
12989.4
12982.4
13011.4
12744.2
12724.8
12736.0
12748.8
12805.4
12745.8
12745.8
12759.0
12858.4
12823.6
12224.8
12892.6
12586.4
18601.4
19516.8
20059.2
21559.4
23097.2
19746.6
18754.0
21150.0
20601.6
18967.0
22380.0
19894.2
21705.6
21999.2
21330.2
21841.8
21856.8
20846.8
21306.4
20252.8
22322.6
23118.8
20983.0
24730.4
22019.4
20708.4
27132.6
25735.4
22274.8
23493.4
22003.8
25308.0
24227.6
20034.2
19133.8
20562.0
20342.2
22823.6
22092.8
19587.0
23504.2
20280.4
23161.4
23503.2
22898.2
23904.6
22400.8
23097.2
21759.2
24697.4
22257.4
23089.8
18166.6
18696.8
19021.8
19162.2
19283.6
19151.2
19303.0
19631.8
23660.4
20839.0
22459.2
23280.4
24429.4
20715.6
22175.6
22925.2
23235.6
22649.2
25567.8
25035.2
24285.6
24674.0
25822.4
23678.2
21177.4
22932.6
22200.6
24604.4
21754.2
20074.4
19898.2
19748.2
20292.4
20561.4
20083.4
20257.0
20522.2
20863.8
22107.2
20986.8
21557.0
22477.8
21838.6
22429.8
22225.6
22910.6
22330.4
23383.4
23414.6
23472.2
22842.4
24731.0
23482.0
24736.2
23538.8
23993.6
23876.6
24138.2
26118.0
24768.8
25452.4
25472.0
22907.6
23137.2
25768.0
25384.6
24490.4
26694.0
2930.4
3290.0
7081.6
5946.8
3618.2
5217.0
5503.2
5435.6
3138.4
6380.2
4165.2
7953.2
7373.2
5436.0
6065.4
5244.8
3269.8
5187.0
6736.2
3809.4
4085.8
6910.8
6342.6
6568.2
5991.4
5376.8
3133.0
7354.4
4627.4
5222.8
5301.8
5728.4
4018.0
9354.6
7252.6
6021.2
8058.2
5688.4
6314.2
5314.6
5260.0
3844.6
7361.4
9175.8
5398.8
6843.4
7605.6
6089.6
5217.4
8040.0
5571.8
6157.2
7881.2
10333.2
3130.0
6082.6
4538.4
5037.0
7653.2
4311.6
5124.8
8557.6
8507.6
8199.4
5028.8
7140.6
9801.6
8213.6
5755.6
5805.2
11422.8
6745.0
7823.0
3755.0
6538.0
3990.4
7374.0
8030.8
8881.6
8367.8
7697.0
9812.0
8125.8
9801.6
4206.6
5611.4
6802.0
6207.0
10988.6
9137.0
13070.8
4635.0
4148.6
6272.2
10007.2
3762.8
3725.6
4042.8
4333.8
3984.4
5118.2
6033.4
5909.6
6781.8
6441.6
7064.2
7938.0
7192.6
7249.8
7079.6
6931.2
7974.0
7264.6
8349.2
6479.2
9614.0
8617.6
8037.4
8843.2
9851.6
