8523.8
9370.4
9593.8
9701.2
7998.2
7107.8
11307.6
10274.2
10766.2
7847.6
9241.2
9227.2
8764.6
9521.8
8907.0
11195.6
8860.0
9362.4
9690.6
10301.4
7956.4
9726.8
11575.6
9963.8
10074.2
8630.0
10812.2
11303.4
9520.0
8948.0
9758.4
9174.8
8056.2
9588.6
9552.6
10146.6
8218.0
10407.8
10193.2
10063.6
9238.2
9386.6
9124.8
8427.0
8018.6
8706.4
8522.2
8601.8
9879.2
9266.8
8554.6
9372.8
9511.4
10396.2
8695.8
8469.0
9775.2
10223.6
9655.8
9329.8
8137.0
8682.6
9787.4
9758.4
9491.8
10337.0
8018.6
7579.4
11358.4
7960.2
8921.2
8469.0
8408.8
8780.4
7895.2
9548.0
7232.2
8570.0
9699.2
9156.6
7940.6
7962.8
8875.0
8890.2
7107.8
8885.8
8515.6
9418.6
8600.6
8839.6
7883.6
8623.0
8935.8
10588.2
8467.2
8807.0
8968.4
8715.2
8769.0
9703.4
9651.2
8134.2
9696.4
8651.4
8619.8
8020.2
9443.6
8483.8
10116.0
10744.8
8276.4
7724.4
8863.6
8999.6
7737.4
9454.0
10362.2
9047.6
9425.8
7713.6
15083.2
16495.8
16819.4
13109.4
18329.0
16856.4
13377.6
14037.6
15083.2
13963.4
16034.0
16285.4
16292.4
16292.8
16298.2
16458.8
18134.4
16783.0
15794.4
16620.2
17575.0
15592.6
17317.4
18708.0
18087.8
20667.6
22499.2
15727.0
12580.0
12144.0
14128.4
13983.0
14652.4
14186.0
14425.8
14685.6
15739.8
16292.0
15487.0
16134.6
16035.2
15037.2
16775.4
16498.4
17292.8
17452.8
17356.8
18633.2
20101.8
14514.8
14694.6
14698.0
16198.2
12625.2
12985.0
12977.6
12709.6
12709.6
12884.4
13899.4
13913.0
13620.2
13565.0
13713.2
13935.6
13971.4
13314.0
13932.6
14456.2
14095.4
14405.0
14321.8
14506.0
14364.8
14151.4
14199.0
13621.2
13779.6
15418.0
14297.4
15649.4
13836.4
14272.0
14191.6
14432.0
14336.8
16037.4
22175.4
21397.4
20737.0
23153.0
22691.6
21841.2
21881.8
21452.4
22790.6
21741.4
21937.4
21131.0
23299.2
20215.8
24553.8
24042.8
22528.8
23401.4
21670.4
21311.8
22775.2
22576.6
24702.2
26867.4
20991.2
23942.6
22279.4
26774.2
21633.6
21595.2
22434.8
21720.0
22270.2
22326.6
21220.2
22948.2
21213.6
21910.4
21708.0
22727.2
23279.0
24898.6
21876.8
22272.6
23764.8
22691.6
24215.0
20020.0
21960.2
22499.8
19840.2
19992.8
20294.4
20429.8
20390.8
20405.8
20385.0
21169.6
20849.8
21886.6
23084.0
20541.8
22162.0
23174.4
25810.0
19049.0
21331.4
22491.6
23129.6
25240.6
26407.6
25875.0
26267.6
25203.8
23732.0
22635.4
22811.6
24755.2
24449.2
25186.2
24308.8
22035.2
21035.0
23137.2
23142.4
21117.8
22033.2
21818.8
21880.2
24524.2
22590.4
22282.8
22086.4
22358.8
22809.8
23202.6
22840.0
22304.6
22811.6
22638.0
22979.4
23323.4
23562.6
23076.8
23418.4
24913.0
24984.4
25233.0
24360.4
24391.6
24780.2
24150.0
25416.0
25378.6
25580.0
26947.2
23738.0
23959.8
25782.2
25108.4
6916.8
7620.2
6784.4
7293.6
6577.4
7418.0
7096.8
5337.4
6896.0
4232.2
12296.4
6948.6
6359.4
5580.4
4972.8
6372.0
6227.0
7096.4
6321.0
6269.6
7793.2
5774.4
8274.8
5701.4
5694.2
6970.4
6835.6
7090.0
9122.8
6403.4
4991.6
7502.8
6312.4
6393.8
7575.8
7515.8
9422.2
6848.8
4579.8
9807.2
8451.2
8567.2
7814.6
7014.2
8941.2
8739.4
7599.8
6237.6
7586.0
5380.6
7151.0
5299.0
7958.8
7750.8
6539.2
6678.2
6971.8
7238.0
5958.0
3450.4
4911.2
7573.8
9188.2
7002.0
8347.2
9829.0
9807.2
7073.4
8611.0
8420.6
5646.0
5473.0
6701.0
6589.0
8763.4
10585.4
8019.2
10377.6
12356.2
9290.6
8967.6
5009.2
5654.0
5805.6
9195.8
5874.8
7189.6
7318.2
8826.8
5470.4
5767.0
6380.2
5866.6
5788.4
5921.6
6333.6
7821.2
6530.0
6114.6
6623.2
6897.6
6403.0
7256.4
7805.6
8058.2
7411.8
9226.0
7045.6
8336.0
8839.2
12356.2
10492.6
9894.4
9747.2
9737.0
9885.4
10070.4
8914.8
9802.0
10683.2
