9151.8
9199.2
11915.6
9111.8
9996.4
10627.8
10776.4
9371.6
10332.2
13735.6
9070.0
8637.8
8360.4
8949.0
8735.8
10606.2
8211.4
9089.6
12519.8
13270.8
10267.6
14545.0
9137.4
12709.6
9590.0
9171.6
8892.2
11554.6
10222.8
9789.2
9281.0
12262.4
8585.4
9618.4
12417.8
9059.2
8910.2
9789.0
13377.2
8956.8
12385.4
8648.8
11529.6
10246.6
9545.0
10468.6
8535.4
9552.4
9946.0
8965.6
12377.4
9570.0
8783.4
11833.2
9806.8
9140.0
9968.6
9386.8
10518.6
12311.6
8632.4
9301.8
12291.4
12262.4
8105.4
11851.0
10468.6
9235.8
14327.8
10135.6
9507.4
9968.6
9036.8
10068.6
10189.0
8256.2
10216.2
10693.4
12021.0
9542.2
8900.4
10150.6
8079.6
13454.8
10530.8
8601.0
11848.0
9616.0
12220.8
9747.8
8730.2
9242.0
10291.0
9021.2
11257.6
9987.4
11052.2
9320.8
8414.8
11812.0
10318.8
12532.6
9670.4
9979.2
12525.6
8852.8
12272.8
10047.8
12437.8
9484.4
10642.6
9879.0
13229.4
9545.6
10836.2
8956.2
11825.4
10548.4
9235.4
9451.2
17560.6
15253.8
18595.8
15912.8
18580.2
19954.0
15043.4
15050.4
15050.8
15056.2
15216.8
15301.2
17560.6
16515.0
15541.0
16699.8
16901.0
17493.8
18763.8
16851.4
18562.0
19608.0
19730.8
20685.6
19647.4
21677.4
14335.6
14348.4
15768.6
15792.6
15823.8
15539.0
16206.6
16912.8
15262.0
16826.0
15822.8
16216.4
17430.8
16678.8
18219.8
17862.4
18075.4
19208.0
18147.8
18865.4
19133.2
19234.6
16268.4
15926.6
16299.4
15815.8
13557.8
13568.8
13635.4
13249.8
13718.6
14080.2
14080.2
14080.2
14080.2
13482.4
13482.4
13481.6
13187.0
13483.0
13188.4
13188.4
13189.8
14276.4
14226.4
14563.4
14315.6
14309.8
14315.6
14327.2
14336.8
14323.4
14355.2
14449.8
14362.2
14359.4
13936.4
14384.2
14430.4
14441.6
21602.6
21914.2
21232.4
21916.6
25169.0
21670.0
22236.2
23734.2
24151.8
21152.0
22737.2
21708.2
22062.8
24805.0
23141.2
25463.2
25147.6
24067.2
21663.6
22327.2
25944.0
21340.2
25744.6
28036.8
22253.8
23764.6
26272.6
29884.8
26495.8
22642.4
23850.6
24564.6
24490.6
20685.2
22396.4
20919.2
23310.2
23768.2
23656.6
21736.8
24872.6
24584.8
23901.8
24444.8
22758.0
28958.0
25383.2
25169.0
22901.8
26389.6
24444.8
21698.0
21027.4
21347.2
21207.0
22052.2
21545.0
21357.6
20747.6
22269.2
26194.6
23026.4
24646.6
26285.0
28050.8
21072.8
23805.8
24429.0
26240.2
25925.0
25455.0
25392.4
25031.2
26516.6
28351.2
25242.0
23983.2
25120.0
25141.6
24659.2
24560.0
20105.4
21013.4
21418.4
21256.0
22512.6
23139.4
23945.6
23791.8
23210.6
23671.0
22835.0
22195.8
24626.4
23888.2
25178.4
25031.4
25294.0
24350.8
24517.8
26099.4
26104.6
25380.4
25478.0
27621.8
25669.4
25726.2
25648.2
26189.2
26220.4
26325.6
27051.2
26947.4
26967.0
25324.6
27579.0
27869.6
23956.0
25713.4
26232.6
6327.4
7089.0
9269.0
9615.4
6406.2
8838.4
5860.4
7668.6
6507.6
8010.4
8066.4
9321.6
9003.4
7996.8
8586.2
5602.0
5637.6
5544.2
7093.4
6443.2
6119.8
7268.0
6854.4
9374.0
8178.8
5734.0
6447.2
7711.6
4984.6
7405.8
8923.2
9075.4
5431.8
9711.8
10058.4
9642.6
8415.4
6045.6
9601.2
6892.2
8065.8
7704.8
7129.2
7962.8
11363.2
9020.2
7217.6
6446.8
8838.8
9678.8
11226.6
6716.8
6514.4
9535.8
6615.8
7646.4
8107.8
8658.4
7933.0
10940.2
7200.2
11363.4
12157.6
10684.4
8340.2
10762.0
11202.6
8570.8
12958.8
9395.2
7369.0
7184.2
10083.0
7731.2
6146.2
7527.0
6234.2
10535.2
8725.0
10937.8
8054.2
10349.2
10931.6
11525.8
11202.6
6282.0
8432.2
8127.4
6564.2
10700.8
7838.0
7433.2
9343.8
10364.4
9899.4
5277.4
6452.0
5943.4
5745.0
6381.8
7353.4
7597.2
6798.8
8635.4
7607.0
9578.2
9342.6
9477.8
8643.4
8495.0
10442.4
9697.0
8828.4
10003.8
10990.4
9200.4
10100.6
10881.6
10522.4
10373.0
