8121.2
8467.6
10789.4
8230.0
8887.4
9711.6
9894.6
8437.4
9301.6
8338.4
12705.0
7756.0
7329.8
8084.6
8004.2
9724.4
7180.8
8358.0
11534.0
10694.0
9351.4
12240.2
8255.6
8725.6
13514.4
8237.4
7861.6
10054.2
9341.0
8946.2
8250.4
7703.6
11276.6
8509.4
8194.8
11432.0
6438.4
8680.0
5834.0
11320.8
7767.0
9708.8
12346.6
8425.8
8514.4
9552.4
7764.2
8521.8
8975.6
7935.0
11422.6
8539.4
7901.6
10721.2
8925.0
8094.2
8938.0
8522.4
8850.2
8206.0
7601.8
8271.2
11305.6
11276.6
7104.8
10844.8
9552.4
8319.6
12908.4
9219.4
8637.0
8938.0
8006.2
9038.0
9192.8
6434.0
9300.0
9777.2
8477.6
8190.2
10894.8
9127.0
6890.4
9614.6
7570.4
10635.8
8585.4
8717.2
7883.4
7870.2
9267.4
7990.6
8956.8
8422.2
5907.2
10021.6
10271.8
11235.0
9209.8
8639.8
8948.6
12538.6
7822.2
10781.4
9017.2
8453.8
11546.8
9726.4
11287.0
11311.6
11539.8
8848.4
8610.2
7287.8
9728.8
9696.2
8569.4
8074.0
8416.8
8503.8
16644.4
12761.4
17095.4
14996.6
16264.4
18492.6
12551.0
12558.4
12558.0
12563.8
12724.4
13048.6
14385.0
15825.4
16644.4
15598.8
15199.4
14379.6
15915.2
17136.2
17475.6
17733.2
17531.4
18776.0
19730.8
20642.6
12963.8
13067.2
12976.6
12790.2
13744.6
14876.4
14907.6
15412.4
14002.0
14738.0
15319.6
15010.4
15930.4
15795.4
16194.0
16661.4
17303.6
16393.6
17159.2
16762.8
18177.4
17193.0
15178.4
15216.4
14799.0
15105.6
11383.8
11663.0
12053.8
11809.4
11780.8
11782.2
11808.0
11808.0
11781.6
11781.6
11806.6
11877.8
12459.2
12122.0
12349.2
12908.6
12478.6
12610.8
12657.0
13010.2
12708.4
12708.4
12708.4
12708.4
13094.4
12955.4
12943.8
12965.0
12943.8
13056.2
12938.0
13048.0
13060.6
13060.6
20738.2
20882.6
19444.8
20201.8
24252.8
20938.4
21475.4
22703.6
23216.8
20270.2
20916.4
20677.6
19440.6
23304.6
22225.0
24317.8
24457.0
22566.8
24161.8
20640.0
21296.6
18868.4
23847.2
24937.8
26536.4
21230.2
24714.0
23054.4
21618.8
21378.8
28880.8
23534.0
22669.8
19831.2
21024.6
18728.4
21809.8
22193.2
21612.2
20706.2
23660.4
23372.6
22895.6
22624.0
21089.6
24252.8
21878.2
19067.0
19042.6
18977.6
19430.4
19510.8
19695.2
20283.0
19796.2
19959.2
20310.4
19330.6
20071.4
20338.4
25190.6
21995.8
23616.0
25294.6
19136.0
22889.6
22970.6
23453.2
22920.6
22559.4
23954.6
25249.8
24218.2
23226.4
22482.8
24089.4
27347.2
23344.2
23158.8
23059.6
25802.8
19572.8
19481.2
20046.6
20225.4
20527.4
21012.2
21626.6
21639.0
21014.2
21710.2
22291.4
22445.2
22067.4
22553.4
24579.4
23500.2
23531.0
21484.2
23006.2
23793.6
23857.4
24046.2
23760.8
24887.2
24892.4
24147.8
21209.2
23720.0
23682.2
26409.6
24475.6
24495.2
23487.2
24688.8
24720.0
21805.8
24375.0
24695.6
24638.8
5445.6
6207.2
8238.4
8489.2
5662.6
7832.2
2418.6
6752.4
5643.2
7094.2
6955.2
8109.4
8087.2
6966.2
8346.6
7555.6
3481.8
4755.8
4520.6
5420.2
5071.4
5089.2
5599.6
5830.8
7873.6
7148.2
3122.4
5582.8
6038.4
3279.6
6489.6
7917.0
8089.6
4772.8
8043.4
8558.0
8636.4
6747.0
4377.2
5491.0
5976.0
8100.8
6565.4
5233.0
5757.4
5820.0
3922.0
9429.2
8014.0
10332.6
7750.0
8762.6
4224.4
4042.6
8619.6
5804.4
5648.0
7153.6
5654.8
6926.8
6284.0
7644.0
11122.8
9729.6
9863.0
9755.8
8730.8
6099.0
11182.6
8269.0
5487.6
5259.4
4712.4
7923.8
7611.2
5100.4
5055.2
5203.6
8063.4
7056.6
5582.4
10021.6
9347.8
8349.2
8730.8
9431.2
5251.4
7516.0
7141.6
5540.6
6337.6
6061.4
7472.4
7427.6
8780.8
7892.6
7843.4
4524.2
5720.4
5211.8
5034.8
5130.4
5431.2
5540.2
6343.2
6491.6
5786.2
6676.6
6322.8
7154.6
7970.6
7225.2
8041.0
7403.0
8452.0
7901.2
8312.0
6975.0
9087.6
9778.2
