6531.8
7803.4
7886.4
8189.2
6768.0
7690.8
9565.6
8762.2
9691.2
6191.0
7729.2
7715.2
7299.0
8009.8
7395.0
9683.6
7394.4
7363.4
8490.6
9226.4
6233.8
10500.6
8214.8
8206.6
8562.2
6817.0
9665.6
9300.2
7320.6
6806.2
8233.2
7662.8
6341.2
8388.6
7985.6
8675.0
9332.8
6511.8
8721.6
8356.2
7726.2
9578.0
13902.4
8949.2
5403.8
6296.0
7214.6
6044.4
7003.2
7803.2
8303.4
6243.8
7860.8
7804.0
8884.2
6554.4
6083.4
7806.0
10236.0
8282.4
6820.6
6496.0
8262.2
8233.2
7979.8
8629.6
6296.0
6462.6
10283.4
6605.2
6740.4
6083.4
6416.8
6579.0
6640.4
8076.4
7991.8
7517.8
6664.2
9407.4
7383.4
6878.8
8488.8
7418.6
7633.8
8898.2
7050.0
8191.6
6202.0
6658.8
7111.0
8409.6
8602.2
7228.4
6805.6
7260.4
6597.2
7767.6
6588.2
8503.4
8179.6
8496.4
6773.8
6452.0
6210.0
6753.0
8243.6
8408.6
6124.6
9088.2
6389.6
7144.8
6488.8
6818.8
6618.2
8968.8
8979.0
7877.2
7556.6
8760.4
13535.0
15024.2
15112.0
11879.2
16691.2
16868.8
13535.0
12489.4
11941.4
12888.4
14396.2
14813.8
14820.8
14821.2
14826.6
14987.2
15221.6
14719.4
14517.6
15656.8
16611.6
17516.6
17633.0
19029.8
17540.4
16616.2
20842.6
14255.4
12886.8
12279.0
13324.8
12684.8
12842.8
14268.2
14397.4
14611.4
15066.8
14438.2
15178.4
14073.8
15303.8
15026.8
15655.0
15612.4
16326.0
15981.2
18982.2
17548.2
18824.6
12701.6
12720.4
12886.2
14560.4
11675.6
12641.6
12334.6
11693.2
11992.2
12189.8
12137.4
12186.8
12155.6
13370.0
13423.2
12961.4
12961.4
12901.8
12370.8
13742.8
13735.4
13309.2
12842.6
13436.6
13507.2
13633.8
13622.8
13383.4
13549.4
13221.2
13188.0
13566.6
13503.2
13503.2
13525.8
13740.4
13949.2
13778.0
20663.4
19321.4
19420.6
21681.4
21143.4
20329.2
19805.8
19905.8
21061.0
20229.4
21949.8
19038.6
21827.6
22916.0
19643.4
22335.4
21118.4
21833.8
20872.2
18614.4
21700.2
22816.2
21105.0
25160.0
21517.2
25810.8
20607.2
24134.0
21458.0
20520.2
22626.2
24913.6
20248.4
20194.2
20855.0
21310.4
21242.2
19262.0
23186.4
21922.8
21580.0
22315.6
21019.8
21309.2
21921.8
23251.6
22780.8
21143.4
20546.0
20303.6
21606.2
18027.2
19193.8
18960.6
19475.6
19621.4
20854.4
18827.6
18766.8
18925.8
22120.6
18885.2
20505.4
22211.0
24735.0
20310.0
21020.0
21343.8
22166.2
24277.2
23566.0
25689.8
25157.2
24796.0
25202.4
22094.2
20978.8
23117.4
23003.0
24222.8
22671.0
19543.2
20614.8
21338.2
20887.2
20597.2
21173.8
21000.2
20376.6
22047.6
21685.6
21439.0
21855.2
21528.2
21585.0
21309.2
22184.4
21780.6
23149.6
23154.8
22218.6
24536.6
21183.4
23200.8
22295.2
23346.6
23142.4
23285.4
23250.2
23316.6
24033.4
24269.6
23759.2
24389.0
24461.6
24452.6
24415.2
24616.6
23824.4
22493.4
5404.8
5878.2
5127.8
5586.2
4700.8
5710.6
5625.2
3639.4
4823.6
4507.0
5117.6
6371.8
6106.4
4009.4
4825.4
4715.0
5624.8
4849.4
6094.0
6142.0
3645.0
7290.8
5525.8
7485.0
4037.6
5498.8
4834.0
7102.4
4931.8
3269.0
5795.4
5046.2
4928.2
10917.8
7767.2
5914.8
8169.4
8438.2
6068.4
6743.8
4054.2
6176.8
7222.0
4938.2
7469.6
5892.4
6250.0
6114.4
5443.6
6086.2
8751.8
5927.4
6487.2
6279.2
4463.2
4952.2
5530.6
5654.8
8082.8
7176.2
3171.0
8113.2
6610.4
5272.4
7446.2
9474.4
10718.4
9841.4
8335.6
5366.0
6898.8
6949.0
3570.0
8739.8
3455.0
6927.8
7291.8
6780.4
8947.6
7496.0
7819.0
8210.6
3662.0
4098.2
5522.6
10718.4
5772.8
9042.6
5551.8
5242.2
9387.2
7150.2
3665.2
3740.8
4060.0
4451.0
4868.0
4740.2
5566.6
5549.0
5482.8
6395.4
6392.6
6663.8
6415.4
8076.0
6821.6
6448.4
6972.8
7127.0
8262.6
8854.8
8109.4
8584.2
8173.2
8024.8
8358.2
7237.0
10085.8
9993.4
