10257.2
9947.8
8511.8
10427.2
10282.0
10556.8
11215.8
10576.4
7265.8
9753.4
10600.4
10126.6
11465.8
10247.8
10266.2
11462.6
11023.6
9814.6
8215.4
7213.8
9704.0
7696.2
9993.8
11105.6
9977.4
10869.6
10192.2
10630.0
11079.2
9584.2
10303.8
8730.0
10151.0
10340.0
8589.0
10130.0
7440.6
10501.8
12395.6
8500.6
12544.0
10320.4
10538.4
9766.2
10535.2
10750.4
12376.0
10258.8
9453.4
8555.8
10676.4
12444.0
10455.0
8443.6
10663.2
9929.6
10216.6
9806.4
8531.4
11235.6
10730.8
10560.2
8811.8
8730.0
10927.6
7885.4
9766.2
10595.8
7479.0
10119.2
10157.0
10216.6
10094.6
10142.2
10154.4
8617.2
10212.6
10502.0
10014.4
11379.2
11072.8
8516.0
10673.6
9012.2
11741.6
10525.6
11565.0
9358.0
11259.4
8870.6
8694.2
10104.2
10387.8
10446.8
10302.0
8687.2
9997.4
8512.8
10308.4
10248.2
8132.8
11432.0
10287.8
10577.0
10112.2
11059.6
9086.8
10422.8
10451.8
10112.2
10222.2
9176.2
11352.8
9963.6
8600.8
7055.0
7369.6
7617.6
8758.0
8526.6
17044.6
16485.6
12813.6
15393.2
17655.6
12827.2
12625.4
14828.6
14460.4
14542.6
14573.8
15505.4
17044.6
15999.0
15455.4
16282.2
16288.0
16275.2
16282.6
16448.6
16514.4
19994.2
22151.0
20979.2
15982.2
13153.0
14332.8
14755.0
14965.8
14355.2
15766.2
16607.0
15995.0
15752.8
16190.8
17554.6
17274.6
17790.6
18006.8
19946.6
17381.4
19021.8
14518.6
18555.6
19192.0
14683.2
14343.8
15524.8
11869.4
12217.4
12658.2
12652.4
12404.4
13022.8
13244.6
12731.0
12848.2
13229.0
13215.0
13108.4
13320.2
13208.0
13069.8
13230.4
13393.6
13590.0
13490.0
13743.6
13868.8
13986.2
13981.8
13879.4
14671.4
13974.6
13801.0
14486.8
14314.8
14432.2
14266.8
13712.0
13932.0
15367.2
13721.8
13951.8
22839.8
22684.8
23330.8
25402.0
24653.0
23200.4
21934.8
22003.4
21271.2
22823.6
23075.0
24893.0
24581.8
22920.6
22554.4
19884.4
21120.4
21567.6
23086.0
25149.0
22501.2
19808.0
19850.6
24840.8
24424.8
24460.4
24825.6
21856.4
25283.4
26200.2
21921.4
22109.2
23876.8
22020.2
22259.0
21394.8
22767.8
21865.6
20740.0
24304.0
20407.0
24479.2
24653.0
20383.8
20357.4
21824.0
19445.4
19578.8
19358.8
19559.6
19724.8
20366.8
21640.2
20938.6
20454.4
20994.6
22274.8
21290.0
21716.8
23385.8
20734.6
22447.6
21728.6
20197.6
21938.2
20152.8
22891.2
23176.0
24129.8
24558.2
24287.0
26166.8
23058.6
22202.0
24081.8
22836.8
23088.4
20464.0
21222.6
21229.0
20481.0
20512.2
21846.8
22883.6
23230.6
23029.2
23066.6
21734.4
22501.4
22403.4
22872.2
21776.6
23079.0
22594.2
22745.0
23052.8
22981.8
23193.6
23590.8
23532.2
24388.2
23250.4
23849.8
24493.6
25602.4
24723.6
25353.4
25164.4
23801.8
24990.8
27333.6
27353.2
23389.8
26098.0
26092.8
23611.6
26371.6
27226.2
24175.2
24662.0
7168.8
7528.4
6167.8
5310.4
4580.6
6845.2
9345.8
10870.2
6786.6
6594.4
7323.2
5359.4
5988.6
9049.6
9315.0
6301.2
7126.4
9029.6
9087.4
7841.8
7253.8
9919.4
8449.4
7431.8
9351.2
6589.0
9219.4
8470.0
6739.2
4003.4
10753.4
5964.2
10045.6
7874.6
7577.6
4957.0
5150.0
7568.2
6510.4
7141.2
6638.0
3684.8
9531.0
4425.8
8524.6
8870.6
9193.2
7938.0
6058.4
4099.8
5735.4
6298.0
4167.4
5110.8
9932.2
5597.8
3920.4
6859.4
3849.8
4760.6
10438.8
6658.8
5308.8
5689.6
5703.0
4194.4
11682.8
5146.4
9704.2
6935.8
7171.2
8593.2
9912.0
9962.4
8191.6
9131.4
8924.4
10007.0
10607.2
6175.2
7387.4
8465.8
9646.4
11682.8
9524.6
6068.8
6942.0
6831.0
3802.6
5273.2
5527.6
7264.8
7614.2
7156.4
7031.4
7003.8
6902.2
7195.6
8190.4
8809.6
8056.8
9073.8
9819.2
8419.8
8426.0
9844.4
9335.8
11019.2
9466.0
10066.2
9317.6
9358.6
9651.0
10284.2
10306.8
11865.6
11429.8
11710.2
11561.2
