13663.8
13354.4
11918.4
13833.8
13398.4
14622.4
10737.2
13983.0
12869.8
14007.0
13673.2
13533.2
13654.4
13672.8
14869.2
14722.0
14430.2
13221.2
11240.4
10435.8
8415.0
12820.4
9612.0
13400.4
13384.0
12372.8
13598.8
14276.2
14485.8
12990.8
13710.4
11816.0
13557.6
11614.0
13456.4
10465.6
13536.6
11907.2
13618.2
13727.0
13686.2
12882.6
13651.6
14157.0
15802.2
15950.6
12860.0
13665.4
11760.0
13831.8
13861.6
11850.2
14069.8
13336.2
13333.0
13213.0
11556.4
7688.2
6856.8
8087.0
14137.4
13966.8
11897.8
11816.0
11292.0
14334.2
12882.6
13712.2
8759.0
12023.8
13211.0
13563.6
13333.0
11720.2
13329.0
13548.8
12128.6
11719.2
11712.2
12074.8
12474.4
11539.4
11537.8
13235.6
13421.0
13512.2
13790.0
7140.8
7125.0
7853.0
8636.8
13932.2
10240.2
10558.8
9937.4
11227.2
11933.2
12402.4
11922.6
13404.0
11970.0
11868.4
11648.4
12134.0
11492.0
11491.6
11802.8
11417.4
11470.0
11786.4
11787.0
13715.0
11852.0
12826.6
13364.6
11187.6
13708.6
12380.4
12644.2
12818.6
20161.0
15540.0
19892.2
19372.6
18509.6
13321.8
15852.2
15650.4
17763.4
17664.6
17778.0
18709.6
20161.0
21480.0
19115.4
18571.8
19855.2
19688.8
19694.6
19689.2
19681.8
19921.0
25355.2
17384.2
16178.0
18038.8
17739.4
19388.8
18372.4
17559.4
18882.6
19401.6
18869.2
21432.4
19307.2
20671.0
21197.2
20926.2
17925.2
18089.8
20478.8
17750.4
18931.4
12441.0
12498.4
13836.8
12753.2
13757.0
13863.2
15321.8
15125.4
14981.4
14374.4
14199.6
14447.0
14538.4
14808.6
15107.0
14810.8
15175.4
15143.8
14746.4
14865.8
15418.0
15531.2
15293.0
15447.0
15698.6
14278.2
15777.6
15847.8
15731.0
15449.4
15455.2
15928.0
15444.6
15940.4
16799.0
15719.0
16078.6
16241.2
16478.0
15183.6
26246.4
26091.4
26737.4
28808.6
26607.0
27769.4
25119.8
25341.4
24677.8
26230.2
26481.6
24352.4
27988.4
23777.4
25670.8
24145.4
24974.2
26202.4
25157.0
22189.6
22833.0
25569.6
26967.4
27449.8
25263.0
28295.2
27576.8
28232.2
27681.8
28399.8
25125.6
20415.0
31389.8
25665.6
24419.8
24890.6
24146.6
25426.8
26194.0
23611.2
20296.0
26859.4
25298.0
23382.4
26174.4
20150.4
20334.6
20587.8
20417.8
20486.6
20289.2
20623.0
19440.8
21458.4
21362.4
21547.2
24817.6
21986.2
22269.8
22485.2
23759.6
25564.0
22994.6
24932.8
24594.0
22949.8
25561.6
25916.2
26292.4
27667.4
27964.8
25289.2
27473.8
25406.2
25658.8
25861.8
24520.2
21192.8
21944.0
21912.8
21715.2
23870.6
23933.2
24629.2
24304.0
25820.0
25446.4
24804.8
26255.6
26054.2
25908.6
26091.6
25141.0
25810.0
26501.4
26203.6
26151.6
26000.8
27131.2
26873.8
26485.6
26459.4
28819.4
28839.0
27872.2
24980.8
26938.8
27273.4
26997.4
28766.4
26186.0
26397.8
27872.6
26454.6
27054.0
23933.6
27006.0
28107.2
22320.8
10575.4
10935.0
9769.4
9372.0
8717.0
7987.2
10251.8
9903.0
10001.0
8766.0
12752.4
9105.0
10439.6
9707.8
10533.0
10660.4
11248.4
10227.2
10548.2
12272.4
9995.6
7410.0
9855.6
9370.8
12494.0
11876.6
12166.0
11281.2
12626.0
9009.4
13035.8
8414.2
7457.8
9493.0
12467.6
9714.6
10044.6
7091.4
10684.6
7832.4
7721.2
7506.4
7038.0
9142.0
8517.4
6270.4
6247.6
7915.8
8344.6
10200.6
6502.4
6286.2
8622.8
10147.8
10994.0
10748.2
10558.8
6921.6
8417.8
9975.8
9244.4
9775.2
3996.0
8714.6
9109.6
6991.4
13183.4
8553.0
11207.2
6075.2
11357.6
11489.0
10342.4
9790.8
10577.8
11598.2
12331.0
11797.4
12538.0
13183.4
9342.2
10794.0
9475.4
10348.6
11582.2
12641.0
8959.2
6385.4
8679.8
8552.6
11195.0
10730.6
10381.2
10650.8
11396.2
10438.0
10360.6
10410.4
10308.8
10602.2
10259.2
11597.0
11826.4
10942.8
12013.8
11261.0
12872.6
13057.6
12724.2
11542.4
10729.4
14085.6
