7042.6
6940.0
9515.8
6861.8
7808.8
8653.4
8561.0
7199.8
11777.0
8276.8
6810.8
6405.8
6876.0
6702.8
6476.6
8390.8
6088.4
6830.4
10455.4
11312.2
8319.6
12325.6
6922.0
7343.8
6999.8
6783.0
9810.6
8007.4
7530.0
11378.2
7171.8
10198.0
6353.4
7430.8
10353.4
6813.0
7777.8
7601.4
11418.6
7824.4
10067.8
6416.8
10655.2
9032.8
7489.6
8381.8
6276.2
7443.2
7699.8
6856.4
10389.2
7460.8
6551.4
9447.6
7591.4
6880.8
7859.4
7140.6
9644.2
10247.2
6523.2
7192.6
10227.0
10198.0
6227.8
9591.8
8381.8
7261.4
11772.2
8079.0
7248.2
7859.4
6927.6
7959.4
8114.2
7179.2
8241.8
9621.2
8750.0
7399.0
6641.2
8983.0
11493.2
7009.2
8556.4
6669.6
10135.4
7506.8
10156.4
7589.8
6427.8
8903.8
7318.6
9193.2
6912.0
7916.4
8943.0
7061.6
9853.4
7282.4
10468.2
8131.2
10461.2
7561.2
7870.0
6747.0
10208.4
10038.0
7938.6
7374.0
8618.6
11174.0
7769.8
7286.4
8704.0
8081.8
9716.2
8289.2
6591.6
6675.8
15620.8
13922.4
16167.8
13965.0
16836.2
18106.0
13344.0
15620.8
14575.2
13712.0
13719.0
13719.4
13724.8
13885.4
14843.2
14209.6
14974.2
16619.4
16805.2
16603.4
17742.6
15719.0
18475.6
18697.4
18773.0
19389.6
12624.4
12637.2
13818.2
13849.4
13659.4
13947.4
15056.2
14770.6
14406.6
14129.6
14948.4
15788.6
16245.4
15084.0
15804.4
16101.0
16988.0
17152.6
16159.6
17733.0
18000.8
18102.2
14009.2
13667.4
14657.2
13556.6
11459.4
12005.0
12128.4
12117.4
11888.4
11463.6
12493.4
12318.2
12467.0
12467.0
12467.0
12467.0
12430.0
12430.0
12388.0
12389.4
12389.4
12429.2
12430.6
12390.8
12439.8
12536.8
12598.6
12604.4
12604.4
12726.2
12612.2
12616.0
12625.6
12644.0
12648.2
12651.0
12660.0
12673.0
19356.4
19655.0
19123.2
20784.2
23229.2
19410.8
19990.0
21625.0
21892.6
18920.0
21862.8
19599.0
20930.4
23061.0
21082.2
23204.0
23083.2
22210.6
20593.2
20218.0
23684.8
20207.8
23786.0
26092.6
21183.4
21505.4
25186.6
27896.6
21572.0
22718.2
22606.0
23616.2
18650.8
20256.0
19673.6
21454.4
22479.4
22325.2
19627.6
23160.0
22817.2
21642.6
26670.2
23159.0
23395.0
21883.6
24401.4
23229.2
21214.4
22389.4
25337.4
19115.2
18947.8
19451.8
19427.6
19285.8
19098.4
19836.8
19951.8
20349.6
24206.4
20971.0
22591.2
24296.8
25791.6
20122.8
21831.4
22581.0
24252.0
24792.6
23711.0
24260.0
23898.8
26363.0
25185.2
23910.6
22239.2
23064.6
24267.2
23017.0
22816.0
19146.8
19306.4
19548.6
19805.2
20870.4
21282.8
21670.2
21960.6
21870.4
21568.4
21321.4
22339.6
22226.6
22566.4
22919.2
22462.4
24386.8
24392.0
23476.4
23532.4
23550.0
23287.4
23614.0
23670.8
25773.8
24270.2
24445.2
24476.4
24345.6
25698.8
23904.2
23269.2
26119.2
25918.8
25815.0
25834.6
26308.6
23969.4
22823.6
4112.0
4873.6
7213.6
7215.6
4147.0
6579.2
4728.0
5725.2
4261.4
6036.0
5807.2
7609.0
7029.0
5887.6
6477.0
4727.6
3405.6
4473.8
6139.2
4523.6
4010.6
6393.6
5609.4
7630.0
6123.4
4601.6
4201.0
6837.2
4034.6
5354.8
6664.0
7011.0
3078.4
8837.4
8314.4
7383.4
7541.0
5171.2
7912.4
4917.8
6321.8
5000.0
9307.8
6572.4
6761.0
6830.4
6110.2
5217.2
6579.6
9989.0
7704.4
5385.4
5382.0
7561.4
4369.6
5848.6
6315.0
6399.2
5673.8
9251.4
5256.8
9869.8
8696.2
9619.4
6081.0
8502.8
10070.2
7438.4
11078.6
6995.4
6037.6
6051.8
8884.8
3887.0
6598.8
6394.6
4122.4
7850.6
8963.4
9092.6
6921.8
9263.2
10651.4
9187.6
10070.2
4172.8
6457.8
6063.0
5493.8
5981.4
5304.0
7487.2
9232.0
3018.2
3485.8
3684.2
4192.8
4122.6
5244.2
6720.0
5924.4
7233.4
6732.6
6265.8
7178.4
7629.8
8029.4
8999.8
7312.0
7163.6
8254.4
9269.8
7497.0
8749.6
7841.4
8326.0
8534.2
10348.4
9506.8
9240.6
