8908.0
9990.6
7388.2
10470.0
8195.4
8470.2
11258.6
10619.2
7852.8
7666.8
10099.2
10169.4
9519.0
10290.6
9765.0
11505.4
9614.4
9739.6
6305.8
7388.0
7617.4
9517.2
10036.6
10020.2
12923.2
10912.4
9193.2
10398.0
11122.0
9133.0
9182.4
6682.6
10032.8
8253.4
6203.8
10172.8
10895.0
8116.0
8415.2
10941.6
7858.0
10096.2
10357.4
8483.2
10289.4
7679.6
9542.4
8448.6
9379.4
9496.2
5889.0
8628.8
10230.8
7305.8
10706.0
8930.6
8130.0
9849.2
6255.4
9149.0
9023.4
8881.0
6764.4
6682.6
10297.6
8131.4
7679.6
8509.2
9300.0
8032.6
8947.0
8130.0
8793.0
8008.0
8067.8
7493.6
8126.0
8415.4
10738.4
10296.4
9292.6
9255.0
9345.4
9638.6
8490.4
5899.2
9270.0
8587.0
9068.4
6438.4
9481.0
9754.8
9089.4
10344.8
7271.4
9266.2
6559.6
8309.2
6341.2
8973.2
6334.2
8201.2
8555.2
8161.6
6250.6
7312.6
8973.0
10399.6
8025.6
9090.6
8765.8
8025.6
8463.2
9228.4
7877.0
10444.6
6865.2
7748.4
8628.0
6016.8
14958.0
16253.6
14613.8
13306.6
17423.6
17725.4
12191.2
13502.6
13300.8
13912.4
14958.0
13368.8
14567.2
15522.0
14310.6
16649.6
16050.2
16043.2
16056.0
16050.6
16216.6
16282.4
22154.8
19105.2
19762.2
16025.0
13150.0
13679.6
13936.0
13388.2
12984.2
14523.0
13666.2
14104.2
15468.0
16037.8
16035.0
16387.4
15294.8
17558.6
17246.8
16469.0
17105.4
18201.2
19714.6
13390.2
13731.8
13900.2
15292.8
11888.2
12214.0
12688.0
13522.6
13613.6
14316.2
13227.8
13255.0
14087.8
14425.6
13149.8
14813.6
14222.0
13321.4
14279.4
13662.6
13847.8
13483.8
12975.0
13741.8
14020.6
13706.2
13596.4
13662.4
13580.0
13481.8
13871.4
13953.2
13634.2
14594.4
14588.6
14244.6
14013.8
13742.6
14125.8
14678.4
22882.6
21697.6
21623.4
23901.4
22566.4
22699.2
21977.6
19916.8
20742.8
22599.4
22806.4
21423.6
24047.6
23579.4
20467.8
21380.2
19128.4
21335.6
23092.2
20999.4
20483.4
22318.0
24661.8
23325.0
24318.8
24721.2
22373.8
20743.8
23196.8
19508.2
23930.2
22468.4
22063.0
22132.8
23075.0
21638.2
21226.0
22098.8
23405.6
22162.0
20521.6
24247.2
22779.4
20219.6
22436.6
22566.4
21402.6
20446.8
22204.8
21779.4
22847.6
19500.2
19712.6
19520.6
19690.4
19673.4
20571.0
20857.4
19900.2
20004.4
21031.0
20361.0
21732.4
20655.8
23755.8
20611.0
21089.4
23187.6
23240.0
22200.4
24298.4
22826.6
22205.8
23849.8
25934.8
23133.2
23346.8
20099.0
21357.0
21780.4
21913.8
21868.2
23004.0
22659.2
23060.8
23660.2
21502.4
23180.0
23363.0
23325.6
23527.0
23095.6
22302.0
22333.2
22171.4
22834.8
22362.2
23107.2
23050.0
22513.0
23160.2
23531.0
22904.2
24011.4
24006.2
25393.2
24261.6
23805.6
22088.6
23151.8
23393.6
24071.6
23615.4
24491.6
24924.8
24556.8
25121.4
24665.8
23950.2
23782.4
7211.6
7571.2
6171.6
4548.0
5212.4
6888.0
7845.2
4700.0
6637.2
5236.6
5405.2
7228.4
6963.0
3902.0
4507.4
7169.2
7844.8
7069.4
7832.8
7884.6
6021.2
7264.6
9143.8
8217.4
5345.2
6631.8
7718.8
7151.8
7959.0
4652.6
5297.2
3916.6
7148.2
12230.0
4313.2
8353.2
8546.6
7717.8
6245.6
5481.6
6342.4
6909.2
6680.8
10291.2
5394.2
7106.6
4945.4
6962.4
8334.4
9515.8
6784.0
7706.0
6340.8
5032.4
5142.6
7584.6
5156.6
5985.0
4989.2
5429.0
4572.2
10206.8
7129.8
5520.8
5174.6
6130.6
11450.8
4270.8
5946.2
7959.6
5831.2
8186.0
8899.4
9472.2
9680.0
8692.4
7559.8
11783.4
3986.8
6038.2
6379.2
9775.0
7438.0
11450.8
5836.8
6984.8
10967.6
6652.0
5178.2
4510.8
5527.6
5358.8
6119.6
6281.8
7173.0
6436.2
6827.2
7116.4
7252.0
7088.0
8139.6
6339.4
7249.2
8932.6
9440.8
8187.8
9587.2
8841.8
7272.0
8674.6
9234.0
9085.6
9419.0
9612.4
8016.4
11869.4
8564.4
11692.6
13247.4
11714.0
