8103.8
9375.4
9016.2
9761.2
7828.4
8265.6
11137.6
10334.2
10188.6
7137.0
9301.2
9287.2
8871.0
9581.8
8967.0
11255.6
8966.4
8935.4
9113.0
9723.8
7273.2
10749.6
9786.8
9778.6
10134.2
8389.0
10872.2
10722.6
8892.6
8378.2
9180.8
9234.8
7886.4
9011.0
9557.6
10247.0
14151.4
9581.8
8048.2
10293.6
9486.0
9298.2
10339.6
9859.8
7679.0
7335.4
8786.6
7616.4
8575.2
9375.2
8689.2
7815.8
9432.8
8933.8
10456.2
8126.4
7563.6
9378.0
10663.0
9078.2
8392.6
8068.0
9209.8
9180.8
9551.8
9759.4
7335.4
7942.8
10532.4
7665.6
8312.4
7563.6
7988.8
8037.6
7700.8
9648.4
9121.6
8210.8
7546.0
8671.0
8955.4
8450.8
8915.8
8990.6
8060.8
9325.2
8841.0
8622.0
7774.0
8230.8
8683.0
8836.6
8358.2
10174.2
8377.6
8229.4
8169.2
8137.6
8160.2
9125.8
9118.8
9751.6
7834.2
8024.0
7782.0
8866.0
8325.0
9538.4
7696.6
8351.8
7961.6
8015.0
8060.8
8390.8
6964.0
8232.4
7747.0
10551.0
8376.6
8845.0
14591.0
16634.0
16241.8
12939.6
17748.2
17204.4
13545.4
14591.0
13001.8
13385.8
15453.2
14968.4
14766.6
15236.6
16198.6
16423.6
16430.6
16431.0
16436.4
16597.0
16662.8
18571.0
17882.0
17876.0
20106.2
20086.8
18188.2
15827.4
11948.4
13461.6
13942.0
13605.2
14108.0
15038.4
14330.4
15181.8
14459.6
15840.2
15454.4
14865.2
16039.4
16875.8
16712.0
17087.6
16598.8
17553.2
20039.2
18309.8
13934.0
14113.8
14117.2
15617.4
11900.6
12630.8
13212.8
13151.8
13650.0
13087.2
13395.0
13987.2
14038.0
13564.2
13761.8
13709.4
14107.8
13976.8
13976.8
14402.2
14213.6
14169.8
14162.4
13958.8
14995.2
14194.4
13727.6
14254.2
14523.0
13701.2
13942.8
14493.6
15079.2
14881.2
14980.0
14606.4
14582.8
14866.0
14492.2
22235.4
20893.4
20992.6
23253.4
22199.4
21901.2
21377.8
20874.8
22213.0
21801.4
22376.8
20610.6
23399.6
23973.0
20475.0
23465.2
21951.2
22820.6
22444.2
20186.4
21949.2
23876.2
22677.0
26289.8
21944.2
26116.0
21701.8
22985.2
24895.6
25547.0
20816.6
25162.6
23347.2
21820.4
21766.2
22427.0
22367.4
21669.2
20834.0
22701.4
22349.8
24627.6
22007.0
22149.6
21081.8
23556.8
22348.8
24204.2
22199.4
20973.0
21855.2
19567.2
18785.0
20139.2
18663.6
19838.4
20452.6
21746.2
20677.4
19888.0
22425.8
19831.2
19769.0
22529.8
24984.0
21127.6
21770.8
22592.0
22485.0
24582.4
24623.0
27360.6
26828.0
23151.2
26368.0
20242.4
24174.4
23764.6
24528.0
23728.0
19640.2
21115.2
21727.0
20791.8
20848.6
21448.0
22186.8
20447.0
22230.8
22910.2
22474.6
22985.0
22459.2
23581.8
23576.6
22057.2
25133.4
22070.8
22742.6
22496.0
22722.2
22837.6
23642.0
24642.0
24574.8
23534.4
23565.6
24757.8
24720.4
24921.8
24403.6
23677.2
24199.4
24282.4
21757.0
21345.0
21566.8
24797.2
22876.2
24816.2
6976.8
7450.2
4391.4
6716.0
6272.8
6840.4
7197.2
4756.6
6395.6
4329.8
6367.8
6798.8
6533.4
4395.2
5794.4
10181.4
6287.0
7196.8
6421.4
7641.0
7714.0
5217.0
8714.2
7072.8
3301.2
8542.0
7070.8
6406.0
7529.4
6503.8
4308.4
6925.2
5734.8
6500.2
8528.8
6938.2
9226.4
7288.2
9861.6
7873.6
5114.6
6485.6
7233.8
6510.2
9041.6
7022.2
6677.0
7686.4
6573.4
5349.8
6354.4
9087.4
8086.4
7851.2
6035.2
6100.6
6660.4
6391.0
9212.6
4958.2
4228.0
8362.2
6582.2
6424.4
7695.2
10177.0
11775.4
6495.8
8340.0
8521.0
9907.6
5142.0
5027.0
6191.4
7542.0
8863.8
9796.8
10004.6
8972.2
9391.0
5228.0
5234.0
5949.6
9068.0
7246.2
6608.8
11775.4
6814.2
8246.0
5264.2
5123.8
5312.8
6407.8
5632.0
6023.0
6440.0
6312.2
6678.8
5909.8
5927.4
6819.6
8503.0
6420.2
7626.2
7510.0
6842.4
7973.4
8245.0
8568.2
9911.8
9166.4
7998.6
9614.4
9466.0
9799.4
10847.4
10755.0
9867.8
10139.6
9937.0
