9035.0
9359.8
11598.2
9427.0
9679.0
10310.4
11126.2
9765.0
10215.4
13618.8
9230.6
8971.0
8243.6
9268.0
8896.4
10956.0
8094.6
9250.2
12202.4
9950.2
13154.0
9487.2
12112.0
14428.2
9909.0
9565.0
8775.4
11535.4
10572.6
9860.0
9164.2
11945.0
8918.6
9301.0
12100.4
9378.2
7856.4
9471.6
7771.0
12068.0
13260.4
8982.0
9708.4
8425.4
9428.2
10151.2
8678.0
9435.6
10216.0
8848.8
12060.0
9453.2
9116.6
11515.8
10156.6
9008.0
9851.8
9705.8
8697.4
11994.2
8515.6
9185.0
11974.0
11945.0
8555.4
11942.8
10151.2
8918.4
14211.0
9818.2
9550.8
9851.8
8920.0
9951.8
9871.6
7601.4
9898.8
10376.0
11703.6
9224.8
9061.0
9735.8
7804.2
10213.4
13137.4
8484.2
10635.4
9499.2
9631.0
8797.2
9876.2
9306.6
8904.4
11903.4
9870.6
10940.2
9336.0
10935.4
7229.0
10001.4
11695.2
9553.6
9862.4
8736.0
12215.2
9931.0
12208.2
11955.4
12120.4
9367.6
10325.2
9762.2
9524.0
7135.0
10518.8
10655.2
8580.0
8452.8
9396.0
8664.2
17243.2
14197.8
18464.0
15595.4
17682.4
18447.6
13987.4
13994.8
13994.4
14000.2
14160.8
14485.0
14983.8
17243.2
16197.6
15672.6
16568.0
16583.6
15797.6
17826.2
18554.2
18647.0
18445.2
19413.4
20368.2
21560.6
14400.2
14413.0
14485.2
14208.2
15475.2
15506.4
14001.6
15651.8
15162.6
16233.4
16781.0
14857.6
16709.2
16041.2
17381.0
17902.4
17374.8
18079.4
19091.2
17811.6
18180.8
17830.4
16092.2
16033.4
16249.6
15922.6
12812.8
12814.2
12814.2
12815.6
12835.4
12834.0
12834.8
12834.8
11959.6
12681.4
13572.6
13821.4
14119.4
14130.4
14160.2
14028.8
13787.4
13819.6
13879.2
14061.4
14144.8
14144.8
14144.8
14144.8
14575.6
14188.8
14341.0
14291.0
14380.2
14391.8
14380.2
14374.4
14401.4
14537.4
21921.6
21796.4
20862.8
21115.6
24851.6
21830.6
22218.6
23617.4
24314.8
21485.2
20916.0
21591.4
20877.0
24785.8
22823.8
24674.6
25555.0
24830.2
23935.4
21415.6
22210.4
20286.4
24451.4
26035.8
27905.0
25627.8
22017.4
23871.4
22468.2
29567.4
22796.8
24447.8
22669.4
20745.0
22461.0
20179.0
23179.2
22192.8
23030.2
21620.0
23660.0
23372.2
23993.6
22623.6
20936.8
24851.6
22747.6
19539.6
19193.2
19643.4
20485.0
21131.6
20866.8
22017.0
21680.4
21505.0
21416.0
21367.6
22402.0
21705.6
25877.2
22909.6
24529.8
25967.6
19287.8
23488.4
22970.2
24871.2
24338.6
23977.4
25922.8
25435.8
25636.2
24644.4
28033.8
23964.0
25003.2
23320.4
24609.4
25757.8
24540.8
20615.2
21009.2
21483.0
21139.2
20374.6
21013.8
22462.8
23007.6
23813.8
23044.6
23595.2
22067.0
23160.8
22529.6
23857.0
24309.0
24886.8
24892.0
25997.4
26409.2
25270.2
25012.2
25274.8
24401.0
24424.2
22902.2
25178.8
25727.2
25565.2
26170.0
25629.0
25138.0
25100.2
22627.2
26170.0
26201.2
25893.6
25913.2
25207.8
6677.2
7438.8
9152.2
9298.0
6566.8
8930.2
4806.6
7351.2
6826.6
7693.0
7878.4
8109.0
8278.8
7666.4
8469.4
3780.8
5970.8
5434.4
5272.2
6507.8
6003.0
5446.8
5568.8
9354.8
8062.0
4277.2
6766.2
5890.4
4236.0
7088.4
9015.0
8758.0
9764.6
5643.6
7890.6
9626.6
10039.2
6594.2
4224.4
6909.0
6574.8
9469.4
8046.6
6651.0
7193.8
11246.4
9405.4
5819.6
4625.6
9112.0
8930.6
9361.4
5660.8
5460.6
9218.4
6876.0
7084.4
8214.6
8024.8
5502.0
6882.8
8447.0
10367.0
12040.8
10853.8
10148.8
11137.6
7517.0
9077.8
6924.0
6130.4
6677.4
8528.0
9029.2
6014.2
6473.2
6117.4
6903.8
9481.4
7000.4
10620.4
9704.6
10148.8
9767.2
6165.2
7194.0
7810.0
5622.0
10912.4
7706.2
7497.8
8845.6
9310.6
9212.0
10198.8
5438.0
5905.6
6104.0
6612.6
4977.6
6454.0
5785.8
7236.6
7154.2
6867.6
8040.6
7761.2
7909.6
8094.6
7379.2
9225.8
9260.8
9388.6
8643.2
9686.4
9777.8
9319.2
8393.0
9423.6
10181.0
