10154.6
10686.0
7790.6
11165.4
9442.0
9716.8
11954.0
11314.6
6719.6
8913.4
11345.8
10864.8
10765.6
10986.0
11011.6
12200.8
10861.0
10552.8
6390.6
6254.8
8864.0
8384.0
10732.0
11790.0
10715.6
11607.8
10439.8
11012.0
11817.4
10353.0
10429.0
6966.2
10889.2
9500.0
6764.2
10868.2
6982.8
9661.8
12141.6
8153.2
12188.2
11342.8
9729.8
8926.2
11509.4
10789.0
9668.6
11604.0
10626.0
10191.6
7072.2
9875.4
11477.4
7919.8
11401.4
10177.2
9376.6
10544.6
6706.6
10395.6
10270.0
10127.6
7048.0
6966.2
11544.2
8623.6
8926.2
9755.8
8166.8
9279.2
9376.6
10167.0
10039.6
9228.0
9314.4
7791.2
9372.6
9662.0
10910.8
10501.6
10539.2
11543.0
6945.6
10565.4
10885.2
9833.6
9710.4
10516.6
10288.4
7545.0
8491.4
10727.6
7897.6
10336.0
9529.2
6869.4
11040.2
10177.4
6862.4
9447.8
9381.6
9775.2
6688.0
10486.2
7221.6
10219.6
9245.6
8924.8
10012.4
9272.2
10974.8
9683.2
10448.4
9123.6
8203.2
11646.2
10472.2
8438.8
9496.2
6798.6
16204.6
16867.6
14338.2
14553.2
18037.6
12369.4
12167.6
13487.4
14411.8
15343.4
15159.0
16204.6
14924.6
15516.4
14615.4
16664.2
16657.2
16670.0
16664.6
16830.6
16896.4
21989.0
20376.2
20351.8
16720.4
12782.2
14193.2
14370.0
14608.2
14899.6
15137.0
14912.8
15350.8
16688.0
16733.2
17294.8
17255.0
16514.8
18172.6
18493.4
17689.0
19447.8
18352.0
20328.6
14610.2
14951.8
15120.2
15906.8
12044.0
12403.4
12494.4
12515.6
12699.0
13461.2
13455.4
12807.4
12916.0
13430.2
13775.8
13892.4
13305.2
14061.4
13754.2
13303.2
14026.0
14300.6
13923.8
13527.6
13483.8
13898.4
15181.2
14187.4
14251.2
14490.2
14066.0
14739.6
14753.6
14836.0
14369.8
13536.0
15828.8
15645.6
15307.8
14356.6
23578.0
22944.2
22870.0
25148.0
23813.0
23945.8
22673.0
21136.8
21254.0
23846.0
24026.4
22670.2
24963.8
23608.4
21714.4
19931.8
19295.6
21949.6
22246.0
24338.8
23185.6
19350.2
21510.6
25275.8
24054.0
24571.6
23593.8
21041.6
24443.4
20846.2
22797.0
23715.0
22758.4
22746.8
21024.0
22884.8
24321.6
21494.8
21101.4
20218.6
24861.2
23999.4
23813.0
23656.6
19899.6
21071.6
23318.8
21662.0
22622.6
18542.0
19145.4
19047.8
19770.2
20799.8
21453.0
20156.8
20153.4
21485.8
20126.6
20253.2
20363.8
21607.6
21566.6
19522.6
22622.6
19477.8
22520.4
22336.0
24486.6
23420.4
24817.6
23440.6
22040.0
24463.8
22466.0
23776.2
20375.0
21293.2
22512.8
21614.6
22859.8
22658.4
22695.8
21168.8
21200.0
22482.2
21916.8
22819.8
23031.6
23160.4
22116.4
23088.4
23687.8
22785.4
22976.2
23791.0
23189.2
23127.0
24081.4
23560.0
24353.8
23639.8
24875.6
23227.8
24124.2
25231.4
25226.2
23449.6
26613.2
25076.0
25105.6
24759.0
24500.0
23335.2
26290.2
25735.4
24371.8
25291.6
25546.4
27715.6
7907.0
8266.6
6005.8
4399.2
4494.0
7583.4
9091.8
5920.0
7332.6
6483.2
6097.6
8448.4
8183.0
5148.6
5367.4
7864.6
8316.0
9091.4
8580.0
7267.8
9079.4
8511.2
8831.4
6565.2
7327.2
8965.4
10363.8
8398.4
5899.2
5103.0
9179.0
4518.6
8394.8
3564.4
8265.4
6116.0
6728.2
8937.8
6348.4
7523.2
7376.2
5209.4
5164.0
8209.0
8326.6
8004.0
9581.0
8320.0
6977.2
4695.2
5799.6
7036.2
4851.8
5849.0
5227.0
6235.8
5992.8
5225.0
7652.4
4244.0
5818.8
10820.8
5996.6
5318.8
5685.8
4997.4
12064.8
4227.8
7192.8
7077.8
8431.2
10086.2
10294.0
8573.6
9513.4
10650.2
9306.4
8806.4
10389.0
5093.4
7284.8
7599.2
10801.8
8684.6
12064.8
6450.8
7680.2
7266.0
4362.0
5156.8
5148.6
6398.2
6994.4
6602.2
7339.6
7682.8
7640.4
7742.0
7894.8
8472.0
8334.6
7559.4
10152.6
8469.2
9455.8
10201.2
8801.8
9904.2
8492.0
9894.6
10226.4
9848.0
9699.6
10033.0
11703.6
11526.8
10515.4
8398.6
12114.2
11548.2
