8453.8
8144.4
7503.6
8623.8
9394.2
10038.8
9412.4
8773.0
9836.4
9235.4
8797.0
8323.2
9371.2
8444.4
8462.8
9659.2
9222.2
8011.2
8895.2
10243.8
9784.4
8434.8
10604.8
8190.4
8174.0
9170.4
8388.8
7341.6
9275.8
13238.2
7780.8
8500.4
8199.2
8347.6
9056.2
8946.0
8326.6
9601.4
10392.8
9226.8
9255.6
7987.6
8517.0
11926.0
8735.0
10822.6
8593.6
8947.0
8933.8
7650.0
8455.4
8873.4
8747.4
8651.6
7435.4
8859.8
8126.2
8606.0
8003.0
11094.6
8927.4
8741.8
8244.8
8199.2
8713.6
7871.0
8593.6
9018.4
9622.6
9231.4
8353.6
8606.0
8338.8
8086.8
9266.6
8844.6
7609.0
8520.8
9984.0
8211.0
9637.2
8931.8
11004.6
10149.6
9334.4
8705.6
8746.8
8707.2
8584.4
7745.4
8275.8
8643.4
8737.8
7961.8
10925.4
8194.0
12287.4
9055.4
8868.0
9060.8
11449.4
9053.8
9400.0
8194.0
8430.6
9400.6
8363.0
8025.8
8510.8
8619.4
9594.2
8302.2
8418.8
11444.0
9244.4
9532.2
9067.4
7290.0
6134.8
6917.2
16161.2
13197.2
13809.6
14505.4
14367.2
19420.0
11770.0
12993.8
12999.6
12986.8
12994.2
13160.2
13226.0
16161.2
14567.6
15115.6
13919.2
16705.8
15779.4
15577.6
17668.8
18069.8
17308.2
16169.6
18263.0
19856.8
13218.8
12126.6
13231.6
13331.0
13344.8
13663.0
14502.2
14718.4
14496.0
15234.8
15672.8
15733.4
16658.2
16980.0
15725.2
16398.8
17111.6
17254.8
17694.2
18438.4
18972.6
19074.0
13530.6
13456.0
12236.4
12785.4
11686.0
11604.4
11783.6
11782.6
11782.0
11781.6
11780.8
11780.2
11779.8
11779.4
11779.0
11777.4
11775.6
11773.6
11764.2
11938.2
11810.8
12205.4
11958.8
11958.8
12338.8
12549.2
12221.8
12653.2
12248.0
12589.2
13002.2
12808.2
12463.6
12966.2
13015.2
13242.6
13267.4
13012.2
21036.4
20881.4
21527.4
22607.8
23769.6
21397.0
20131.4
21078.4
20174.0
21020.2
23313.2
21271.6
21293.4
20592.0
22036.4
21483.2
21084.4
19137.4
22671.2
21118.0
21972.2
22760.2
22031.4
23250.6
23261.4
20823.0
26774.0
23650.0
22911.8
23050.6
22066.2
24081.8
24949.4
21872.6
20081.8
21015.6
18850.0
21190.8
24974.2
20964.4
23759.6
24633.8
19923.8
24131.2
23967.0
22960.6
24474.0
21555.0
24338.8
23769.6
23334.0
23061.8
23292.4
23152.2
24416.2
23183.6
18655.0
19422.4
19335.6
19328.2
23722.8
21929.6
23385.4
22921.8
24070.8
21818.6
21242.0
22658.0
22877.0
23895.0
22878.4
25463.8
26082.6
22776.2
25550.0
25188.8
19770.2
23858.8
20793.4
25351.0
20273.6
18209.6
19015.8
19115.0
19305.8
19456.6
20082.0
20574.6
21205.2
21149.8
21275.6
20715.2
20818.4
20760.4
20214.4
21858.8
21890.0
21435.2
22065.0
21500.4
23539.2
24045.2
24064.8
23411.0
22771.8
23977.4
23083.2
23256.6
25409.4
23657.2
24408.2
21876.0
24465.0
25064.4
25700.8
25706.0
24063.4
24926.8
24846.4
27087.8
5365.4
5725.0
8007.8
5203.4
5041.8
4858.4
6551.6
7581.8
5498.0
4791.0
6805.2
4009.4
8923.0
8622.2
5498.4
5293.0
5323.0
6178.0
6591.8
7669.4
5285.2
5450.4
7844.0
7862.0
5161.0
6153.2
6425.2
4785.6
8287.6
5730.4
5566.6
4943.2
4956.0
6071.2
9138.2
5845.4
5532.0
10115.2
6621.6
8991.4
4815.0
6680.4
3852.8
4075.0
6459.4
9255.2
5040.2
8225.2
7022.8
4464.2
8531.0
4649.6
7872.2
7097.4
8427.6
4494.6
6154.0
5180.6
4747.4
4678.4
7150.4
5367.4
8149.0
8261.8
4601.2
6782.0
8394.4
8768.6
4983.2
4903.2
5843.0
6415.8
5132.4
5636.0
5367.8
6623.6
9829.6
8373.6
6718.6
9128.4
8696.6
12456.4
7318.8
8394.4
8235.0
5584.0
5167.0
8051.0
7571.8
10235.0
2908.2
3922.0
4557.6
5200.4
5098.8
5228.0
5392.2
6565.6
5285.6
5131.4
6530.8
5785.4
5166.2
6120.6
6468.2
6177.6
6029.2
6362.6
7374.8
8034.0
8183.0
6556.0
8895.6
8099.8
8943.8
9543.8
9914.0
10627.2
10522.0
9585.0
