13717.0
11971.6
13407.6
13523.2
11088.6
13887.0
12994.6
13798.0
14675.6
14036.2
14060.2
13586.4
13726.0
13707.6
14922.4
11591.8
14846.8
14483.4
10787.2
11006.0
12945.2
13274.4
12205.2
13453.6
13652.0
13437.2
14089.8
14539.0
13044.0
14329.4
12167.4
13763.6
11965.4
11072.8
13581.2
11960.4
13610.8
13743.0
13589.8
13007.4
13998.2
13776.4
13780.2
11797.0
14210.2
13718.6
13956.6
12913.2
11903.4
13914.8
13389.4
14123.0
11907.8
13457.8
9632.6
10150.4
9358.6
10781.8
10521.4
11380.0
14190.6
14020.0
12249.2
12167.4
11345.2
13007.4
14387.4
13837.0
10720.4
12077.0
11757.2
12070.6
12253.4
12063.6
12111.8
13335.8
11889.2
11592.6
12599.2
12328.0
13453.8
13457.8
9251.0
9878.6
11347.0
10859.0
11267.8
11427.0
11975.0
14314.0
11889.0
12417.4
11842.0
12154.2
12137.8
12138.4
11843.4
11843.0
11999.8
11821.4
11768.8
11986.4
12321.4
12105.0
12542.6
11921.6
11975.8
12827.2
11280.4
12504.2
12981.8
13616.8
12998.6
12879.8
12900.6
12862.4
12697.4
12673.4
12792.2
13360.4
20285.8
16273.4
18634.4
21115.4
16257.6
16177.6
15544.8
17146.6
17202.6
19739.4
17701.6
18002.4
19240.2
20285.8
18696.6
18186.4
22654.0
19742.0
16073.6
17596.4
17792.6
19007.4
18425.6
18214.8
20795.8
18994.0
19432.0
20079.2
19442.0
19454.8
20515.8
17978.4
18143.0
14236.6
14043.6
14542.2
14323.2
13846.2
14168.0
15544.2
15550.0
14545.2
15268.6
16003.8
16706.4
16731.4
16089.6
17570.6
17223.2
16326.2
16887.0
15814.0
16930.8
16708.4
16166.8
17728.2
16934.6
17064.2
17120.6
17245.2
16942.8
16976.0
17172.4
18774.0
16190.8
16568.2
16688.8
16780.0
16674.8
17803.6
17326.0
18584.4
17568.6
17666.8
17514.4
17776.4
18067.6
17294.4
26299.6
26144.6
26790.6
25244.6
27894.2
24731.0
26660.2
25394.6
26283.4
26534.8
23999.4
26503.0
25795.6
24496.8
25027.4
21306.2
26327.2
23440.2
23613.0
28300.6
21044.6
25316.2
28041.6
28420.0
27701.6
25162.6
24427.2
29138.6
21900.4
28524.6
21646.2
23648.2
24199.8
23693.6
23448.2
19331.4
19357.0
20461.0
20495.4
20514.8
21046.2
19883.0
19914.8
20452.2
22789.2
22857.2
22561.4
23359.6
22904.8
23733.2
23101.2
22792.0
23638.6
26746.2
23571.4
23964.6
23880.8
24267.0
24402.6
24227.6
22839.0
25688.8
24969.8
23034.4
20391.8
19907.4
22989.6
24047.4
26417.2
27712.2
25443.2
26518.4
19959.2
19850.4
19777.8
19864.0
19914.8
24811.4
23923.8
24682.4
24063.4
24094.6
27043.0
27903.2
26223.0
25017.8
27153.8
26631.0
26852.8
26434.8
28162.2
27091.0
26491.6
25306.6
26670.8
27541.6
26083.8
25194.2
26454.6
26538.8
25863.2
26054.0
26204.8
27970.6
26512.6
27050.6
26992.0
28624.2
28183.4
27953.4
31442.4
27924.8
10628.6
10988.2
9409.0
8770.2
8040.4
10305.0
10027.8
8819.2
10054.2
9229.8
10564.4
9761.0
10713.6
10673.0
10586.2
7463.2
11301.6
9980.4
12290.8
10048.8
9424.0
11909.2
12397.2
8765.6
12556.2
11334.4
8609.8
11160.0
9751.6
7144.6
7885.6
11765.8
10809.4
5792.2
7559.6
7139.6
9518.2
7140.6
7017.2
8951.8
10097.8
7011.0
6639.2
10601.0
9195.2
10100.6
8570.6
6573.0
8471.0
7517.8
9960.2
9941.0
7804.8
7239.8
7851.4
11659.0
11038.8
12111.8
8137.2
9737.4
9900.0
8550.2
7231.4
13898.6
9162.8
6983.2
8606.2
11679.2
11691.4
11834.4
10631.0
10395.6
13748.6
9467.0
10847.2
13371.8
13164.0
9528.6
11707.0
10401.8
10290.8
7231.2
7064.2
8925.8
8733.0
10506.0
10855.4
11622.6
11298.0
11094.6
10491.2
12050.8
10362.0
10655.4
10463.6
13414.2
11650.2
12765.8
11801.8
13307.4
12533.6
13279.0
11667.2
14260.4
10659.2
10999.4
11333.8
13331.6
