13935.2
15234.6
14847.6
13659.8
15565.4
13586.0
14031.4
13112.0
16969.0
16138.4
15105.4
15091.4
14628.8
14771.2
15386.0
17059.8
14724.2
14241.2
14766.8
13730.0
13104.6
14391.4
15591.0
14220.4
15610.0
15938.4
16676.4
14724.0
14209.6
14770.6
13717.8
15039.0
14530.6
13223.6
13879.6
15416.8
15317.4
17793.2
13510.4
15102.4
13166.8
13447.8
14312.6
14570.6
14466.0
14037.2
13644.2
15206.6
13647.2
16554.0
15237.0
16057.4
16010.8
14765.2
13957.8
16260.4
13395.0
14530.6
12768.2
12269.4
14001.2
13899.4
14852.4
14770.6
15413.2
13166.8
15356.0
13443.6
14174.2
13497.0
13395.0
10709.8
14953.0
13869.0
13532.2
13377.4
14143.8
13280.6
13820.2
13997.4
14189.6
13377.2
14645.4
14638.4
14060.8
12980.4
13804.8
14284.8
11993.6
13605.4
15369.8
13179.0
13665.6
14000.6
14062.2
13613.4
10446.0
13528.0
14282.2
13073.8
12018.4
14209.0
10624.4
10557.0
11379.0
12952.6
10901.2
12519.6
13895.6
10994.4
12875.6
12948.4
13416.8
11917.4
13470.8
14712.6
14713.2
14729.0
13991.6
14396.2
20422.4
20341.4
22465.4
18771.0
18728.4
19840.4
18878.4
21922.0
18408.4
18610.2
19071.6
19376.8
20422.4
18833.2
21523.8
21284.6
20656.8
22255.0
22262.0
22262.4
22267.8
22428.4
17972.2
18071.8
17246.0
17779.8
16705.8
19939.4
19436.6
18601.4
18584.8
21285.8
21591.2
21604.0
19318.0
17706.6
19765.4
19511.2
19558.6
22543.4
19945.2
19948.6
18376.0
15816.4
15526.8
18563.0
16364.4
17980.8
18024.6
17505.4
17800.2
17802.2
16559.4
19267.6
20194.0
19891.2
18566.2
18250.0
18182.2
19765.2
16361.6
18078.4
18213.0
18100.0
17637.2
20004.4
19061.2
18918.6
19895.6
19757.4
17732.0
19663.8
19658.0
20326.2
20451.8
16523.4
16948.8
19676.4
18643.2
18462.2
20636.2
20848.0
28039.6
26724.8
26601.2
28030.8
26706.2
27705.4
27209.2
28044.4
29023.6
27605.6
26442.0
26829.6
26422.0
27580.0
27119.6
26017.8
28652.0
29163.4
27509.4
25591.0
27518.0
29757.8
29188.8
27533.2
26383.0
32121.2
29615.8
27424.0
25339.0
28440.8
24891.2
26367.8
27198.6
24723.6
27981.0
25784.2
28804.4
26665.4
25497.0
25260.2
24084.4
28030.8
20967.8
27040.4
26125.6
23608.6
22995.0
24994.6
23615.0
28216.6
25118.4
28250.0
24844.0
23357.2
26773.6
30209.6
26487.2
25816.4
23771.2
27558.0
26067.6
25806.2
23448.2
26171.6
28625.8
28224.2
26126.8
26228.4
25269.6
28355.8
23137.8
28169.8
23358.6
22858.4
23160.8
23382.6
24692.0
23800.4
22872.2
23477.0
28216.6
23034.2
28399.6
28362.2
28563.6
24433.0
27558.4
26657.4
26537.4
26532.2
27991.8
26899.2
28062.2
24668.2
26008.2
26927.4
27924.2
27888.6
27950.6
27176.2
27207.4
28674.0
26965.8
28223.0
24954.0
28327.4
28574.0
29559.4
28669.0
28094.8
29196.6
29567.4
26326.8
26589.8
12781.0
13281.6
7928.8
12547.4
12108.4
12104.2
11997.2
10588.0
12227.0
9974.8
12199.2
10233.2
8869.2
10226.6
11625.8
12091.2
11048.4
12185.2
12961.0
9132.6
13657.4
12309.6
11482.4
12237.4
10139.8
11531.2
12656.8
11566.2
12267.6
12258.0
11982.2
12834.6
11493.4
10127.4
10409.2
12677.8
11212.6
8161.6
11953.6
12341.6
8951.6
11129.8
10132.2
10855.0
10690.2
11627.6
11932.0
8462.8
12170.2
10406.4
7228.8
8085.4
11211.6
10579.0
11421.8
9382.4
12222.4
9059.0
11001.6
10623.6
10059.4
10224.0
12004.0
12255.8
11337.0
12327.2
11531.0
8154.4
10734.8
10973.4
10858.4
8792.4
10449.4
10437.4
11059.4
9569.4
11065.4
10734.0
11916.6
11289.8
12440.2
12645.6
11268.0
10062.0
7488.0
8370.8
11095.6
9497.4
12510.2
8331.6
11636.6
10955.2
10906.2
10448.4
11151.8
11459.8
14077.4
11144.2
11955.4
9857.8
9839.0
11463.4
11978.8
12197.8
12143.6
11295.2
9928.8
10898.8
12697.8
11332.2
11481.2
18117.4
12166.0
