10966.0
11290.8
13511.8
11358.0
11610.0
11649.0
13057.2
11696.0
11765.6
11161.6
10902.0
10174.6
11199.0
10827.4
12887.0
10025.6
14684.2
11181.2
11874.4
13608.6
11418.2
11840.0
11496.0
10706.4
12503.6
13485.8
14219.4
12918.8
11791.0
11095.2
10849.6
11232.0
13676.4
11309.2
9123.0
11402.6
9453.2
13506.6
10913.0
9658.2
13981.6
9100.8
11359.2
11936.6
10609.0
11366.6
12147.0
10779.8
11384.2
13184.8
11047.6
14325.8
13429.4
12087.6
10939.0
11782.8
11636.8
8171.0
11368.6
11582.8
10446.6
11116.0
13705.4
13676.4
10451.6
11936.6
13873.8
10849.4
11628.0
11481.8
11782.8
10851.0
11554.4
9515.0
11882.8
11343.6
10411.2
10507.0
12307.0
10992.0
9735.2
10970.2
10714.8
10415.2
11430.2
10551.6
10728.2
11194.2
11562.0
10835.4
9329.0
11267.0
11801.6
11932.4
10667.0
11484.6
11793.4
11150.2
11862.0
11298.6
11642.4
12725.0
8155.0
11693.2
11455.0
8547.6
11655.4
9368.4
9921.6
9862.2
11529.4
10383.8
10511.0
10595.2
11327.0
11732.0
11307.6
10739.4
11398.0
10776.6
19001.2
16080.6
20470.8
17027.4
18489.2
17605.6
13636.8
15870.2
15877.6
15877.2
15883.0
16043.6
16200.4
16984.2
16659.8
16793.6
19001.2
17955.6
18574.8
17881.4
19220.2
19361.0
18844.6
19712.4
19510.6
20538.2
16287.8
14331.2
14475.2
15514.8
15015.0
15292.0
17023.6
16024.8
16300.6
16647.8
18300.0
16664.4
17582.8
18164.4
18046.4
18787.8
17649.4
18379.2
18220.4
18618.4
20210.0
18955.2
18023.2
17964.4
17723.6
17853.6
12214.0
12767.6
13568.0
13568.0
13516.6
13809.0
13380.8
13777.2
14066.8
14560.0
14192.8
15405.2
13958.8
14538.0
14574.0
14365.6
14347.0
14684.0
15063.0
14753.6
15282.2
14474.8
14781.4
15918.2
15667.8
14853.6
15740.8
14746.6
14745.2
14745.2
14743.8
14766.4
14765.0
14765.8
23852.6
23727.4
21056.2
23046.6
26609.6
23761.6
24149.6
25370.4
26245.8
23416.2
23832.6
21591.4
23522.4
22977.0
24133.8
26455.4
25942.2
27486.0
26446.8
22996.2
24141.4
23609.4
21152.4
22692.8
25802.4
29911.8
27966.8
23143.6
23659.0
26693.2
22597.8
25513.2
22676.0
22293.6
24348.6
25323.6
22412.8
25185.2
23551.0
23837.0
23899.8
23612.0
22684.4
20096.8
25367.4
24456.4
26609.6
23423.0
19975.8
20737.2
21340.8
22026.6
21367.6
21134.4
26387.6
21232.6
21466.2
21467.8
21610.8
21179.2
24459.8
26080.0
27002.0
27092.4
21827.4
25733.4
25200.8
24839.6
22924.6
24269.2
25451.2
27047.6
27386.2
26443.0
25914.4
22478.4
26553.4
25448.8
24915.8
19848.2
21687.6
21689.2
24022.0
22430.4
22546.2
24701.4
22896.8
25491.0
25528.8
23370.6
23070.2
23764.4
23917.8
23489.4
24387.6
24651.4
24656.6
23851.4
23863.8
24086.0
26409.0
25873.6
25014.4
25085.6
25543.4
25820.6
25557.8
24533.0
24287.0
26222.6
25522.2
25951.2
25360.2
25965.0
25231.0
27413.8
26662.6
26291.8
27201.2
26397.6
8608.2
9369.8
10702.4
8497.8
11211.6
6073.2
10861.2
10228.6
9255.4
8757.6
8150.2
9809.4
8348.8
8679.8
8890.8
5574.6
7901.8
7365.4
10290.0
6704.6
8395.4
3193.6
7934.0
6244.2
9612.2
5685.4
8697.2
5617.2
6148.2
10626.8
10849.8
8909.6
10230.4
10946.0
7574.6
7364.2
3169.2
4434.2
7771.2
11433.8
7921.8
7457.8
9081.4
9558.0
8563.4
6495.0
4938.6
11476.2
5544.2
7467.0
10142.2
9695.2
11989.6
8807.0
8280.4
2791.4
6067.4
6861.6
6224.6
8160.2
8813.8
10378.0
10295.6
11491.8
8379.2
10955.6
12265.2
10991.4
7740.8
7686.0
7539.6
6937.2
7945.2
7280.0
6377.4
7862.6
8048.4
8862.6
9836.0
10288.2
10459.4
9752.6
9699.6
9193.0
10629.4
7595.0
8096.2
9723.6
6894.8
10955.6
9713.0
9141.8
9060.4
9561.2
11218.8
3383.2
5722.6
6537.2
9468.8
9255.2
8581.6
7369.0
7555.2
7995.0
7836.6
8035.0
8543.6
8568.0
8385.0
8716.4
8095.6
8901.4
9167.6
9946.0
9667.6
9866.8
9442.6
10163.2
10195.4
10448.0
