6407.0
6654.6
9215.6
6985.4
7173.2
8017.8
8591.8
7558.4
10990.8
7587.4
6525.4
6511.4
6698.4
6806.0
6191.2
8479.8
6126.2
6545.0
9819.8
10526.0
7630.2
11800.2
7011.0
7248.0
7358.4
6147.4
9834.0
8096.4
7250.8
6536.2
11663.4
9562.4
6459.0
6795.2
9717.8
6836.8
7759.2
6965.8
10632.4
7805.8
9685.4
6522.4
10199.6
8363.0
6800.2
7692.4
5829.2
6807.6
7588.0
6220.8
14682.0
9708.4
6825.2
6657.0
9133.2
7680.4
6380.0
7223.8
7059.4
9625.6
5887.6
6557.0
9591.4
9562.4
6776.0
9314.8
7692.4
6625.8
11583.0
7443.4
6922.8
7223.8
6292.0
7323.8
7478.6
7160.6
7606.2
9321.0
8060.6
10803.8
6763.4
6352.8
8475.2
6990.6
7920.8
6507.4
9499.8
9520.8
6871.2
7003.0
5690.8
8396.0
7872.4
8557.6
6276.4
8307.4
7242.6
6708.0
9067.2
7263.8
9832.6
7495.6
9825.6
6925.6
7234.4
6096.4
9572.8
9737.8
7303.0
6739.6
7983.0
10484.6
7134.2
6896.0
8014.6
8063.2
9080.6
10365.2
8000.8
5789.8
14931.4
14232.6
15890.8
13275.6
16859.6
17470.4
12708.4
14931.4
13885.8
14564.6
14022.2
14029.2
14029.6
14035.0
14195.6
14201.0
14519.8
16600.8
16019.0
15817.2
17061.8
18016.6
18457.0
15700.4
18932.6
18130.4
13178.2
13191.0
13023.8
13182.6
13213.8
13605.4
14565.8
14081.2
14388.0
14111.0
14579.6
15609.8
15823.4
15560.8
16463.2
15465.4
15065.4
16744.4
15478.8
17714.4
17982.2
18083.6
13464.2
13379.0
14728.8
13268.2
12071.8
11806.6
11842.8
11857.8
12645.0
12634.0
12017.4
12663.4
12611.0
12465.8
13015.2
13015.2
13015.2
13015.2
12697.0
13371.0
12993.6
12837.0
13090.6
13166.0
13152.4
13158.2
13158.2
13169.8
13179.4
13202.0
13197.8
13269.0
13204.8
13280.0
13213.8
13226.8
13169.4
13194.4
19459.6
19168.4
18487.6
20765.6
22539.8
19125.4
19590.6
20989.4
21604.2
19025.6
21375.8
18963.4
20911.8
23084.4
20446.6
22927.0
22447.6
21932.0
20574.6
19582.4
23407.8
22999.8
20189.2
25815.6
20616.4
21217.0
27166.6
24755.6
20871.8
22699.6
21819.8
23247.8
19217.2
26213.2
19979.0
19939.2
21220.6
21843.8
22610.4
18992.0
22524.4
22181.6
21365.6
22523.4
23720.6
22714.2
21865.0
22539.8
20779.4
24607.4
21700.0
22905.8
18662.4
19220.8
18810.0
18997.4
18889.6
19555.0
19867.6
19564.2
23476.4
20281.6
21901.8
23580.4
25514.6
20104.2
21195.8
21945.4
23535.6
23734.4
24774.0
25633.0
24241.4
23880.2
25470.4
24195.8
22262.6
22375.2
23624.6
23285.8
22839.4
18511.2
19691.6
20353.4
20070.6
21342.2
21168.6
21424.2
21607.4
21473.6
21926.4
22122.2
22624.8
21302.8
22642.2
21930.8
21773.0
23751.2
23756.4
22924.6
22981.4
23515.0
23310.8
25578.6
22896.8
23580.8
25138.2
23198.6
24585.0
24616.2
22579.8
24327.0
23927.6
25333.0
25063.2
25796.4
23992.8
25816.0
25900.2
25695.8
4201.0
4904.4
6524.2
6915.4
3861.6
6302.2
4709.4
5035.8
4180.2
5400.4
5250.4
6973.4
6393.4
5252.0
5841.4
4709.0
3511.2
4455.2
5507.8
5077.4
3375.0
6375.0
4939.6
7653.4
5434.0
4583.0
4119.8
6818.6
4016.0
4665.4
6387.0
6375.4
3644.8
8388.8
8337.8
7106.4
7522.4
5152.6
7399.4
4282.2
6345.2
8618.4
4723.0
6553.8
6484.0
5440.4
5198.6
6302.6
7068.8
9353.4
6811.8
5695.6
6925.8
5363.4
4288.4
5560.2
6600.2
6122.2
5396.8
8738.4
4567.4
9412.8
9642.8
8015.4
5792.6
8225.8
10051.6
7419.8
10443.0
6695.2
6322.8
6033.2
8932.0
3386.2
6376.0
3489.4
8327.8
7402.0
9384.2
6580.2
6903.2
8832.2
9211.0
10051.6
3537.2
5427.4
5822.2
10008.8
5113.0
5720.2
5027.0
7357.4
9213.4
3197.4
3584.6
3398.8
3907.4
3826.0
4608.6
6597.8
6084.4
6878.2
5905.8
6551.0
6363.8
6994.2
7393.8
8634.2
9291.4
8546.0
7564.4
7597.2
7448.8
8060.2
7782.2
7853.4
7858.6
9667.6
8871.2
9222.0
