10260.6
9951.2
8046.0
10430.6
11050.6
11357.6
11219.2
10579.8
7711.8
10554.2
10603.8
10130.0
11469.2
10251.2
10269.6
11466.0
11027.0
9818.0
8298.0
7659.8
10504.8
8554.0
9997.2
11187.4
9980.8
10873.0
10195.6
10633.4
11082.6
9587.6
10307.2
7804.4
10154.4
10863.0
8555.0
10133.4
12399.0
8342.0
11033.6
7541.2
12547.4
10323.8
10541.8
10567.0
13001.6
10753.8
10647.4
9456.8
10262.2
13244.8
8784.8
10679.8
10458.4
8219.2
10666.6
9933.0
10505.6
9809.8
8195.2
12036.4
10734.2
10563.6
7886.2
7804.4
10931.0
7888.8
10567.0
10840.8
7887.6
10887.8
10160.4
10505.6
10145.6
10166.6
10923.0
7928.6
10545.0
11302.8
10017.8
11745.0
11444.0
12153.4
11568.4
8658.2
10725.8
11262.8
10529.0
12138.0
9287.4
10391.2
9560.6
11283.0
10305.4
10450.2
9951.2
10107.6
8660.2
10000.8
8653.2
10311.8
10576.4
11056.4
8217.2
7207.2
11207.4
10410.4
12058.8
10167.4
11903.6
10426.2
10913.0
10455.2
10225.6
10079.0
10732.2
8761.4
9681.4
7601.0
7824.0
7986.6
17813.2
16489.0
12613.4
16161.8
17659.0
13728.6
13526.8
14930.8
14546.0
15618.0
15654.4
17813.2
16767.6
16224.0
16586.0
16285.6
16291.4
16278.6
16286.0
16452.0
16517.8
19997.6
23231.6
20982.6
15985.6
14336.2
14758.4
14969.2
14054.4
16472.2
15435.8
16622.8
15998.4
16553.6
16991.6
18260.6
17794.0
18355.2
18010.2
19950.0
18087.4
19025.2
19261.6
19992.8
14522.0
14686.6
14347.2
15528.2
12734.4
11872.6
12206.6
12302.0
13218.4
13002.2
12135.0
12360.8
12230.2
12420.0
13058.0
13052.2
13978.0
13246.0
13637.6
14029.2
13390.0
14318.2
13586.4
14564.8
13951.4
13537.6
14960.0
15378.0
15391.4
13289.8
15027.4
14186.2
14279.4
13151.6
13978.2
14336.0
14842.4
14852.2
14495.8
15062.4
22843.2
22688.2
23334.2
25405.4
25421.6
23203.8
21938.2
22090.0
21274.6
22827.0
25599.0
23078.4
24585.2
23814.8
23355.2
18910.2
20581.6
21571.0
23263.8
25152.4
22583.0
20709.4
19866.2
24844.2
24829.0
24723.2
25166.4
21859.8
25510.4
26203.6
23002.0
22898.6
23880.2
26342.4
22023.6
22262.4
24307.4
22771.2
22296.2
24482.6
22288.0
20743.4
21487.6
25421.6
21241.6
21258.8
22904.6
24195.2
18323.4
18409.8
19374.4
19946.2
20899.0
20252.2
20349.2
20113.4
20431.4
20959.6
24516.2
20548.0
21636.0
23248.4
22809.2
20871.0
22020.0
20826.2
23413.0
23976.8
24533.8
24561.6
24993.0
26170.2
23062.0
23282.6
24085.2
23358.6
23582.2
20467.4
20570.8
21611.4
21642.6
22359.4
21850.2
21737.8
22406.8
23395.6
23766.4
22597.6
23082.4
22748.4
23405.4
22857.2
23752.4
23551.0
23588.4
23056.2
23535.6
23594.2
24497.0
24062.4
24274.2
24792.2
24727.0
24331.0
24930.4
25356.8
26136.0
25167.8
25696.8
27337.0
27356.6
26804.0
24882.4
26798.8
26375.0
24976.0
28306.8
25684.6
27269.2
24470.4
7172.2
7531.8
7248.4
4384.8
3500.4
6848.6
9349.2
10873.6
6884.6
6597.8
8124.0
5362.8
10021.0
6620.6
9755.6
6304.6
7129.8
9033.0
9090.8
7845.2
7257.2
10146.4
8452.8
9578.2
8137.8
6592.4
10756.8
9222.8
8473.4
7540.0
3105.0
10751.6
5967.6
7878.0
8535.6
4459.2
5153.4
9534.4
8336.8
7144.6
7591.0
6641.4
2999.0
4429.2
9605.2
9899.2
9751.2
9935.6
9576.6
7941.4
6061.8
3104.2
6301.4
5738.8
4249.2
5114.2
6499.2
7577.4
7203.0
7719.2
10442.2
7391.6
6098.2
6591.0
5706.4
4731.2
11686.2
4220.8
9707.6
8195.0
6939.2
7174.6
9134.8
9915.4
9673.8
10661.4
8927.8
10010.4
10447.2
10610.6
11686.2
6178.6
7390.8
9171.8
9751.6
6072.2
6945.4
6834.4
4022.8
4347.6
7364.8
7479.8
6429.0
7034.8
7007.2
6905.6
7199.0
8193.8
8237.0
9077.2
9822.6
9890.2
9137.4
8423.2
9132.0
9847.8
10041.8
11725.2
9469.4
9321.0
9654.4
10287.6
10064.6
11146.8
10310.2
11511.6
