8923.8
9643.8
10610.2
9974.6
8514.2
8552.8
11581.0
10411.4
9456.4
9514.6
11671.0
9500.6
8736.6
9795.2
9180.4
11469.0
8774.4
9635.8
10595.4
9390.6
11206.2
10000.2
10237.2
10211.4
8891.4
11085.6
12319.8
9976.0
9211.8
12480.4
9448.2
10663.2
8471.6
10493.4
9826.0
9142.2
8642.2
9474.4
11080.0
9511.6
8142.8
11312.6
5653.6
8981.6
9452.8
8908.6
9076.8
8964.8
10332.0
10283.2
9109.2
9646.2
10527.8
10669.6
8959.6
9228.6
10048.6
8142.0
9258.4
10938.6
8260.2
9301.0
10692.2
10663.2
9121.0
9452.8
11353.4
8081.6
8688.8
9475.8
9228.6
9036.0
8615.2
9822.2
8829.2
8361.8
9692.4
10506.8
7567.8
7335.6
9148.4
8799.8
7946.8
10715.6
7739.4
8487.6
9155.2
9394.2
7489.4
8878.4
10530.2
8833.8
9523.0
9383.6
8932.4
10296.4
9823.4
9952.2
8857.4
9206.0
9518.4
9747.4
8207.2
9307.8
10608.2
9036.2
8831.0
10462.0
10601.2
10348.4
9418.2
9519.0
9328.2
7665.0
12042.0
11132.4
10243.0
7098.2
7307.0
7619.8
16122.8
15265.8
17835.8
14475.0
17674.4
15845.4
13854.4
15077.2
16122.8
15803.4
15055.4
15062.8
15062.4
15068.2
15228.8
16296.0
14868.2
15385.6
17050.4
15842.8
16699.2
16497.4
17636.6
18591.4
18532.0
18546.2
18156.4
15636.6
12486.0
13403.4
13590.6
13607.2
14587.0
14478.8
15903.6
15649.4
15719.2
15202.4
15702.0
14477.2
14200.2
15207.8
17051.6
16335.4
17308.4
17611.8
16053.6
17405.6
17803.6
15531.2
15711.0
15714.4
16908.8
11814.4
11974.6
11993.2
11857.2
12485.6
11996.2
11914.4
12971.6
12728.6
13341.2
12570.2
13445.2
13286.4
13437.6
13002.8
12848.4
13584.4
12738.0
13720.2
13959.8
12969.8
12977.2
13610.2
14533.0
12673.6
13323.6
13323.6
13010.0
14658.6
13739.4
13635.8
14180.0
14895.6
13273.0
22448.8
21912.4
20860.2
21434.2
23731.2
22114.6
22334.6
22468.8
23807.0
22014.8
18348.8
23144.4
21707.4
22580.4
21562.6
25570.2
25111.0
23433.6
24417.8
20154.0
21797.6
22921.2
20896.2
19617.2
27883.8
23680.0
23295.8
25607.0
20204.4
27790.6
22842.0
22500.0
20968.0
21223.2
22723.0
21607.8
19296.8
23964.6
21477.4
20764.0
20476.2
23022.2
20410.0
23743.6
21067.6
23731.2
20483.8
23332.2
23289.0
19393.2
19305.6
19978.4
20228.0
20046.4
20061.0
20015.2
19633.4
20568.6
20457.4
20254.6
24100.4
22150.6
23534.0
24190.8
20320.4
21580.2
21264.0
24916.4
24383.8
24022.6
24146.0
26257.0
24046.0
24748.4
26220.2
21790.2
24634.0
23438.2
18446.6
19853.4
20505.4
21271.8
21041.2
21990.8
21996.0
23513.2
21236.4
21885.0
22268.4
22719.4
22831.2
22669.2
23274.0
23405.2
23586.4
23828.0
23654.4
24760.8
23321.0
24093.2
24013.2
23766.6
24284.4
23036.6
24743.0
25936.2
24802.8
24840.6
24579.0
22947.4
23175.6
22672.4
23844.8
25477.0
25796.6
25056.6
23269.0
25265.2
25296.4
24416.2
7190.2
7893.6
8156.4
8310.0
6850.8
8434.4
6092.4
6353.8
7169.4
5419.8
7965.0
5213.0
5545.0
5989.2
5067.4
7388.4
6500.4
5148.8
4133.2
7735.2
6038.2
5577.6
3305.0
7303.0
12122.8
5933.6
7109.0
4647.6
5684.6
6425.8
9540.4
10139.2
8519.2
7312.0
6297.4
6332.0
8420.6
6725.0
4151.6
4982.6
7467.0
6643.0
8831.0
9467.6
9583.6
7728.4
2937.6
5155.6
7453.2
8167.4
8616.2
6954.2
7219.6
5453.2
6652.2
6992.0
4714.2
5632.8
7694.6
5415.2
6345.4
8590.2
8018.4
9426.0
8818.0
10093.0
7562.2
8089.8
6926.0
6997.8
6122.4
6130.2
5345.2
6722.6
6233.4
7768.4
6465.2
7045.6
8174.4
9473.4
10140.8
9021.2
4460.2
6054.0
6822.0
9011.4
3955.6
8206.0
7771.0
8372.2
8873.0
9843.2
4206.4
4526.8
5369.2
5108.4
6881.8
6143.0
6061.8
6388.0
6896.6
6501.6
6024.2
7687.6
6930.6
7546.4
7285.0
7884.6
7893.4
8272.8
7280.8
8780.6
8438.2
7753.2
7901.6
8086.6
10140.8
8428.2
10242.4
9380.6
