9217.2
8907.8
9037.6
9172.2
9842.4
10473.8
10155.0
9144.8
10420.2
11370.4
9280.6
8698.2
8704.6
9026.8
8946.4
10092.0
8555.6
9112.2
8738.0
10429.2
9740.6
11318.4
12138.8
8933.0
8980.6
8765.8
9236.4
8393.8
9708.6
8745.4
9227.2
9733.2
8645.8
9464.4
10480.0
9090.0
14772.2
8934.8
9635.0
8589.0
11926.8
9521.6
8709.2
11439.0
9498.4
10156.0
9899.4
8878.0
9604.0
8392.6
9309.8
10407.4
9636.4
8843.8
8969.4
9292.6
8889.6
9911.8
8910.4
10428.0
8976.6
9646.0
9778.8
9733.2
8047.0
9405.0
9899.4
9081.8
11156.6
9981.6
9201.4
9911.8
9102.2
9392.6
10035.0
8178.0
9143.0
9826.6
10062.2
8974.4
9388.2
8265.2
10491.6
8667.8
9682.4
10376.8
9543.0
7803.0
8957.6
9365.4
10280.8
9267.6
9014.8
9875.0
8201.4
9809.8
10603.8
9499.8
10164.8
9736.4
10619.4
8946.4
10594.8
9816.6
9559.8
11955.8
10587.8
9897.0
9382.8
10488.6
9608.0
9239.6
8865.6
10550.2
8595.8
6066.8
6024.4
7392.6
7328.4
7353.6
17406.6
12530.6
15343.6
15419.4
15811.2
19672.2
12493.6
12333.0
12327.2
12327.6
12320.2
12559.4
13447.6
16378.6
15147.2
17406.6
16361.0
15453.2
15133.2
17403.2
17313.4
17111.6
19202.8
18614.0
19568.8
18655.2
17281.6
12986.0
12998.8
14187.2
13835.6
13660.6
14051.8
15066.8
14968.8
14650.6
15636.0
15638.6
15669.8
15801.8
15732.2
16588.2
18065.8
18285.8
17031.0
17771.8
17921.4
17841.0
17942.4
14836.4
14761.8
13055.8
14091.2
13206.4
11852.8
12201.2
12627.6
13358.8
12141.6
12528.0
12459.8
12438.2
12505.6
13025.4
13956.8
13485.6
13864.2
13059.8
12782.4
12779.4
12779.4
12769.6
12758.4
12733.4
13034.6
12777.8
13012.6
13009.8
13005.6
12987.2
12977.6
12973.8
12816.0
12966.0
12966.0
13877.2
12960.2
21680.4
21608.2
21941.2
21576.6
25015.0
21880.6
20894.8
22718.2
21708.0
21212.4
22646.6
22052.4
20626.8
21644.2
22987.2
23017.2
22618.4
20815.0
22004.6
22423.8
23506.2
21364.8
24784.6
24294.2
22594.8
22223.2
28308.0
22983.4
23964.0
22950.2
25026.8
24102.8
23372.0
26483.4
21206.0
20441.6
20349.0
20058.0
20059.2
21727.8
24400.0
21457.8
23923.4
22607.2
22667.4
24637.6
25015.0
22914.4
24980.4
20415.8
20214.4
19207.0
19179.6
19315.0
18879.6
19562.6
20190.2
19301.8
19785.6
20332.6
25028.6
23114.4
24455.8
24734.6
25604.8
21152.0
22294.2
23651.8
22919.2
24411.0
24951.0
21644.6
24401.4
24418.4
24057.2
26997.8
20822.4
25208.0
21415.6
25051.0
22901.6
21399.2
20073.6
19269.0
19967.0
20548.2
19887.2
19849.2
19908.0
20693.4
20483.2
21870.6
22133.2
22248.6
21600.2
22487.4
23718.0
23737.6
22294.4
21748.4
23617.4
23028.4
23059.6
22552.6
24140.0
22105.2
22744.4
24708.8
23797.6
23268.8
22928.2
24260.2
24605.8
22465.2
26077.2
26207.2
26212.4
25352.8
25757.4
25814.2
6108.0
6467.6
9357.0
6737.4
5805.2
6392.4
5885.0
8634.0
6803.8
5597.6
8006.6
7856.4
5315.2
9429.4
8849.4
6804.2
6827.0
5698.0
5511.4
5925.2
7002.8
5342.8
6177.2
7177.4
7195.4
6213.2
7459.0
5758.6
5528.2
7621.0
5063.8
6872.4
6477.2
6490.0
5715.0
6897.6
7066.0
9621.2
8324.8
5955.0
6835.8
6349.0
6738.2
4905.0
5792.8
4434.8
6574.2
6356.2
7558.6
5998.2
10561.0
3983.0
6430.8
9524.8
9381.8
5221.4
4514.0
6053.2
7688.0
5753.4
8202.6
6673.2
9683.0
6135.2
9567.6
8316.0
7973.2
7637.0
6517.2
4236.6
5176.4
6853.6
7355.4
5895.8
4969.4
7305.8
6131.2
8030.0
7770.8
8634.4
7103.4
10783.8
9103.4
8371.0
7973.2
13508.6
6347.4
6701.0
8278.2
6905.2
4585.8
4535.6
6091.6
9390.4
3999.8
7213.0
6467.6
6114.8
5825.6
5511.0
5899.0
5977.0
5362.6
5696.0
6075.8
6591.4
6700.2
6708.2
7654.6
8150.0
7608.2
7516.4
8540.4
9153.6
9450.2
6673.2
9849.8
9109.8
9399.0
8472.8
