6949.8
6489.2
9212.6
6206.4
7752.4
8686.0
7871.0
6829.6
11131.6
8018.2
6360.0
5483.4
6822.6
6027.0
6025.8
7700.8
6412.2
6363.6
10317.8
11053.6
8061.0
11900.0
6232.0
6668.0
6843.4
6651.6
9685.4
7317.4
11586.2
7069.4
7044.4
10060.4
5930.2
7374.4
10215.8
6137.2
8167.2
7545.0
11160.0
8087.6
9642.2
5677.2
10794.2
8979.4
7231.0
8123.2
14533.4
6046.6
7387.4
6827.8
6800.6
10130.6
7369.0
5811.8
9144.4
6901.4
6622.2
7803.6
6464.8
9783.2
6672.6
7136.8
9953.8
10060.4
6435.8
9166.2
8123.2
7294.0
11346.6
8022.6
7018.6
7803.6
6834.8
7903.6
8057.8
7520.8
8274.4
9318.0
8491.4
7460.6
6411.6
8929.6
11234.6
7282.2
8589.0
6616.2
10168.0
7415.0
10018.8
7360.2
6241.4
7610.2
8850.4
9055.6
6856.2
8770.8
7686.8
6832.0
9594.8
7671.8
10330.6
8074.8
10323.6
7554.4
7778.2
6693.6
10070.8
9705.8
7882.8
7115.4
8562.2
10915.4
7662.6
7056.8
8445.4
8220.8
9660.4
7993.0
6490.0
6525.4
15362.2
14130.4
15742.2
13706.4
16711.0
18138.6
13358.8
15362.2
14316.6
13920.0
13927.0
13927.4
13932.8
14416.0
14093.4
14417.6
14715.6
16758.4
16546.6
16344.8
17484.0
18865.0
16108.4
18438.8
18964.0
18798.6
12916.0
12928.8
13603.6
13717.8
13850.8
13882.0
14417.2
14512.0
14796.0
14519.0
16080.2
15087.4
16278.0
15473.4
15943.4
16894.0
16133.6
15901.0
17127.0
18122.4
18390.2
18491.6
13779.6
13437.8
14948.8
13275.2
11972.4
12116.2
12105.2
11755.2
11951.6
11835.0
12437.6
12675.0
12675.0
12675.0
12675.0
12731.4
12828.4
13006.8
12903.8
12890.2
12896.0
12896.0
12907.6
12939.8
12917.2
12935.6
12942.6
12951.6
12907.2
12964.6
13017.8
12932.2
12943.4
13015.8
13012.8
13012.8
12514.4
13294.0
18680.6
19425.4
19272.6
21173.6
22970.6
18960.0
19314.2
21569.2
21538.2
18180.4
22001.8
19543.2
21150.0
22935.8
21025.8
22778.4
22945.6
21783.4
20797.4
20126.2
23259.2
23527.4
20597.2
25667.0
21232.8
21275.8
27638.0
25423.8
21488.2
23107.6
22347.4
23916.0
19625.2
26244.6
19830.4
19881.6
21089.8
22512.0
22533.2
19460.4
23192.6
22849.8
21217.0
23191.6
23136.4
24142.8
22022.6
22970.6
21161.0
25078.8
22130.8
23433.4
18375.6
18497.0
18776.0
18838.2
18868.8
19146.8
20147.8
19374.2
23947.8
20712.4
22332.6
24038.2
25366.0
20337.4
21864.0
22613.6
23993.4
23585.8
25182.0
24649.4
24288.2
26104.4
25393.2
24118.6
22114.0
22806.0
24292.8
23308.6
22690.8
19209.8
19370.0
20013.2
19756.6
21193.6
21020.0
21162.0
21458.8
21860.0
21923.4
22547.6
22099.6
21460.4
22493.6
22599.0
23366.4
22203.8
23162.2
24419.4
24424.6
23355.4
24320.0
24351.2
23412.2
23565.0
23615.4
24011.6
25806.4
24735.0
23779.0
23010.6
26050.0
25860.6
26204.4
26224.0
23844.2
26308.2
26103.8
25427.0
3422.0
4183.6
6955.0
6883.4
3605.0
6153.6
5117.4
5466.6
3585.6
6068.6
5101.8
7641.6
7061.6
5831.8
6304.8
4866.6
2483.2
4713.0
6124.2
4286.0
3994.4
6532.6
5556.0
7504.8
5864.8
4991.0
3525.2
6976.2
4249.2
5096.2
6238.4
6873.4
3231.4
8976.4
8189.2
6957.8
7680.0
5310.2
7250.8
4950.4
6196.6
9049.2
4592.2
6961.8
6335.4
6056.8
5711.4
6154.0
7219.8
7737.0
10021.6
5593.4
5771.4
7594.0
3693.8
6523.0
5568.2
5973.6
8589.8
5248.2
4998.2
9494.2
9444.2
8437.6
5851.4
8077.2
10459.6
7827.8
11111.2
6692.2
6245.6
6441.2
8759.6
3628.4
6784.0
3863.8
8967.4
8996.0
6988.2
7989.6
7311.2
9500.4
9062.4
10459.6
4080.0
5925.4
6490.4
5698.0
10677.0
5571.6
4896.2
14007.4
7208.8
9621.4
3248.6
3726.0
3256.2
3547.2
3893.0
5188.4
6846.2
7177.6
6473.8
6752.6
6063.4
6871.6
7662.4
8062.0
8874.6
8129.2
7520.0
7371.6
7705.0
7415.8
9302.4
8491.0
8275.6
8465.0
10089.8
9539.4
